# Rule degree: 101
# Residual norm: 2.2455e-14
# Refined residual norm: 2.2455e-14
0 9 330
0.0073486248129796833545
0.20878934950319721908
0.23817107696275532924
0.35517509854375306499
0.37316210978769903672
0.40915920615613571298
0.44211419018024272765
0.48558812895147190902
0.49862334076879172295
1.4119950193585622882e-05
0.0055642846832069086521
4.7907344987000779481e-05
0.15522027152838391295
0.00015055293803835359469
0.04313286661537506228
0.00016296025118538181881
0.2121571389813341757
0.00019215248746374616611
0.001052228591731826186
0.00026026531803061028585
0.31686485774557537898
0.00026919221996030162115
0.012671818770603910168
0.0002791866927042456958
0.11210066318951156239
0.0003231559929418562245
0.18454160496550878201
0.00033398967005067074039
0.25893962586090452094
0.00034438205526587110017
0.35829253636877655964
0.00034705167373436226694
0.021372486681224271005
0.0004057357769477178632
0.28871948585438017565
0.00045563103294343152696
0.13267133626958943493
0.00045584646037711380392
0.07499124150547024914
0.00045880977838917247173
0.058724069144351513649
0.00048923430540077168707
0.092140103102741136021
0.00050140674272508849348
0.38795831403880243204
0.00050326319418740671045
0.41924993734987575644
0.00050685453381479894652
0.031509114017990051682
0.00051657383939026268928
0.45126297605951937175
0.00052311635716373143523
0.48354110997997112875
0.00066080934421197548654
0.23380597777552664107
0.0008288996761828509429
0.33658003589451473969
0.0010477709156660396875
0.0029978646889415715843
0.0011665990284153030312
0.16728096897435770773
0.0011808141582369544378
0.0082158001793727376827
0.0013597764707943885403
0.047703767522554077485
0.0013872218884649930963
0.20254819270305399193
0.001670205460132724801
0.14662557448383128911
0.0016711057426341028535
0.01584365155574363887
0.0017136496646846612925
0.10351662087431680315
0.0017771133367573842179
0.27437233982488062889
0.0019867453594030184613
0.30680457612621897523
0.0020491353205508251387
0.12107278139541985396
0.0021754927574441536298
0.037380115338987482398
0.0022182770512661612906
0.02491242266421006199
0.0022302809519374562283
0.066925075648611262458
0.0023135239945819524414
0.36693535264788657013
0.0026035396492799078166
0.083539543872167554284
0.0026194629674189590963
0.40053919151646366625
0.0026214539017203404743
0.2504866907764807249
0.0026803801646892804443
0.43300814343706478526
0.0027414464912739922205
0.46573284382877921939
0.0028105458620210272726
0.22212743522289307707
0.0029472161127376112454
0.18351436369474946608
0.0031262127976755460165
0.0053676220815677688769
0.0031408589507691321054
0.33615218967958315766
0.0031661756658348579746
0.11095277371690111246
0.0034580667368526427953
0.054531386459732059113
0.0039735538006796956162
0.011140913105013772536
0.0041794257519562269532
0.13550751000266925139
0.0042582861238164475617
0.099729808266663277916
0.004423901997861144457
0.16028313717096018265
0.0044257578872103041367
0.28509522664761199895
0.0048972656862981411852
0.018844134180958409946
0.0050204912994754420305
0.030500328994488224571
0.0053714396021856455204
0.20294856633884336694
0.0055437862788182733567
0.043147925930126798666
0.0056712516867734623013
0.069974250440099527992
0.0057005985918586040903
0.31361538078401224316
0.0057343891337717145182
0.11686965617457606426
0.0058752687513419551285
0.38156175484622112393
0.006107576644575206555
0.23422499686421816012
0.006240760698597027159
0.26181821903974900057
0.0063740512548798875306
0.35208206780587369966
0.006461206035409683586
0.41488521481590229234
0.0066647584925107663384
0.44721701366818833456
0.0067393764609164508866
0.48015314984176127311
0.0070492030194996115403
0.085028518136623265633
0.0071181277969093589494
0.17971059421519194887
0.0077047187312084316341
0.14233443157657840739
0.0079841589932274376756
0.056694210321450062839
0.008032438704686466549
0.25599225092386429514
0.0085236304297867451774
0.023534058947623909958
0.0089578116429724699565
0.013789931240334559609
0.0092273012382763502925
0.10164512204461778611
0.009268805202226301429
0.29157071587667937607
0.0094190957505272069478
0.21473253392469859868
0.0094646497753690991134
0.32861923283867655599
0.009692090245090453568
0.034652473496020463894
0.0098704888598169955582
0.16131209077914304695
0.010446474109595798446
0.12350778877932123978
0.010627601560721454052
0.39524829123694155131
0.011440385683312178505
0.070808623383032565091
0.011440589859369531406
0.36862492982249711604
0.011488023107002783355
0.045628513274252165133
0.011551756528361644197
0.19026021292536252072
0.011795518094326207931
0.26731811006907518768
0.01189847076745082638
0.23964759502867652441
0.012231221354689340852
0.4271005510351635337
0.012376908335916887022
0.45929877704679361594
0.012478669120244829244
0.48697647279825717614
0.012675647948172172677
0.34843602107361260067
0.0134751639932768532
0.086392671868169512717
0.013498619383248316658
0.026964141945657386229
0.013642794575491692249
0.14254369500943941951
0.013845234911557566942
0.018514672603957994107
0.013991945308462044525
0.30968644171189330105
0.01511837244317709196
0.10682702341065433704
0.015126993428873740377
0.058016491244061475785
0.015299955256133059706
0.21151357675538895453
0.015522417150314020071
0.16794377708264629501
0.016195990302966020713
0.39710398454505430044
0.016829426295063502905
0.034947057170866657749
0.017333851553867709455
0.28401850275724216388
0.017535682032454463081
0.33589961101398230214
0.017908623145415046574
0.12493054032031732092
0.018654416333702818903
0.25542316519002677966
0.018845194549878395429
0.18723134304892422031
0.018991516989211840866
0.22920858994081902416
0.018996414674907344949
0.045183691153711492972
0.019101022190080283597
0.36909017971685292858
0.019556977618174490458
0.4432482771240512931
0.019810997438954470323
0.072718505603651922842
0.019834940619676527662
0.024661328314588153859
0.01984259987505156142
0.4741135944814811598
0.020075275024954195024
0.14822846424506078145
0.020141905315526679315
0.41708418281692638541
0.020547930542979420815
0.091863686847619446807
0.022292685211872331763
0.20203346648213771353
0.022355582432644176272
0.31078354942927383098
0.023458421348256076888
0.31914990788565794633
0.023718460872590052535
0.057391490182614190996
0.02411256876377153649
0.10852562129230297616
0.024509538640052484088
0.16745684313431552503
0.024976052230036096397
0.39255658636458529154
0.025009589732020727493
0.28399058525864068203
0.025077155988347692162
0.34451145813135197749
0.025490554224740474831
0.032681687629418296193
0.02594750918080499652
0.12952241846863926655
0.026507418867423002823
0.30150310134955965458
0.026614718107647455936
0.2375369733033476094
0.027012791072098703282
0.26275510276929070486
0.027214495178948226034
0.2138669486278301779
0.027566506788728229599
0.043825662621416905385
0.028010360684344554755
0.08251234714028687911
0.028582236854085913552
0.45289419455196855413
0.028918807800795150176
0.42210194468482076235
0.029262723412474777457
0.14695642183114121515
0.029460871048737683614
0.18565415413709404624
0.029772813150727037157
0.3666989481708018972
0.030674398373599327111
0.3226478496008058916
0.030787081306736338582
0.0674157049726546026
0.031976160733184974538
0.3813722237853991448
0.032123816608033178843
0.09702526882880595227
0.033007660964143675786
0.29232731229587860522
0.033532257048886987549
0.23400824836551606389
0.03402580937284851309
0.11676268061796789277
0.034549860027717621547
0.052366333470928519422
0.035423407799316027067
0.39815594087757505415
0.035440761598639736185
0.20548495328176596963
0.035734009322054942348
0.16173584375175620309
0.0358339342170840916
0.25113308816261781242
0.036991771761580007072
0.037013681904593559446
0.037348908189949472924
0.34416133888027644616
0.037877680795862622709
0.26927785103299228808
0.037998938591020811617
0.31213306010315633454
0.038360627018261587995
0.13570080652265781307
0.038383474877156070759
0.22631142731896991549
0.038949906374745338344
0.2008764022180301867
0.038954629461820752812
0.46359144345911384999
0.039251810007585256901
0.43146253957420538372
0.039774941356235833656
0.079729192172843993403
0.040103519591010668155
0.18065456368752605409
0.041772439430731250765
0.37132068283937852415
0.041833574089920000372
0.09766464870603679127
0.042577780693838662707
0.063244048800608534955
0.044022917341923234469
0.047954617055337864229
0.045040920242694688913
0.30335664657181182768
0.045391599451388042752
0.11254096634063688598
0.045734160629664982745
0.40316055527963196026
0.046087825638336611667
0.28116905793430119198
0.046225750093804675311
0.42387959338633568462
0.046335443429678331573
0.32689724474863141035
0.046445150301217472122
0.24599286232700015575
0.0467235908532209962
0.15144764696232984602
0.048065251598426457502
0.21847665540644423121
0.049114675287374551238
0.19754404701561070756
0.049202491835364438322
0.12675840554355999323
0.04980715745493481672
0.47393042793229522847
0.049878947615056755394
0.17323998900463050132
0.050978295324030677149
0.44218775612349781046
0.05130737415248376454
0.089644770454904543211
0.051512794712975464029
0.34936946054420514596
0.052998721748665010567
0.057658150049795811598
0.053006807114914643309
0.16399817506915259635
0.053347616511040800436
0.073421152094430119917
0.053447585351603855985
0.13173708678875692413
0.053821796219228140723
0.26187188196373800686
0.053974330343625233353
0.23148457265925423409
0.054560586441255845558
0.37935253430926163531
0.055528063107380135066
0.1409290455935956754
0.056697457900725292679
0.41374351438702733352
0.057164769467575315964
0.31825859994041710843
0.057320247746329072713
0.29533115326250969357
0.057812134988000550562
0.10443091898553830132
0.060527643559685373464
0.18655014000929120987
0.061112059571063061247
0.2123355212819307003
0.061595951084129713093
0.45442050053354615669
0.061741150251443360775
0.16124780198457533409
0.06202800684972494677
0.27884691457721838548
0.062285176315715486128
0.12041311692640283004
0.063847054981419362751
0.14238201280351256428
0.064076500074595893475
0.23764355494723010676
0.064572926565437310797
0.32651996119976289812
0.064778036802926319826
0.066005729686154299141
0.065030052881044159152
0.085488308272860608072
0.065046171078819395306
0.3509893174902603552
0.066012642393081064074
0.37482569379592073355
0.066328081673891703396
0.26000274990407695741
0.067182345365882925603
0.39484926119269897482
0.068396923196142628276
0.42898506663714419673
0.068828107228783130811
0.20098660601239368151
0.069457943330378815738
0.17062635035517018101
0.071357211751904611741
0.37224274317308692073
0.072484313898507957141
0.46309880124523239431
0.072654487805241502185
0.30495795711135820216
0.072900713897042793143
0.10073101348471213967
0.073117546571206407102
0.12231904851426876613
0.073595466748713644911
0.28564949527830396647
0.073825023101165815342
0.075028337673322786916
0.075940866437812240552
0.18205933397807377849
0.076754419215198363413
0.21653480790950205281
0.077361755438900087212
0.26149949798722604832
0.077548980468815018052
0.13859607906752738349
0.077923080793984772496
0.40633271458311992497
0.078125832866033154134
0.15739842153897509736
0.07849222407621636588
0.32889037260055359324
0.079508532255884084572
0.23765397490004308567
0.080384469322161949956
0.19452978959752090238
0.080826871713663997476
0.11383899314005897774
0.082113188767694189618
0.44062014073222194321
0.082211121537854398023
0.35405693763753348646
0.082588455066900282042
0.087938603981302515544
0.085880035516235311843
0.38113058230741042598
0.08797494844929343305
0.28012440174709873908
0.089642445713624493986
0.16972037904018077992
0.08988455651510612876
0.30469831018664161881
0.090332029785418252454
0.41303650126544860788
0.091287285082734703767
0.10317272514050732091
0.091367624503459379803
0.12383847289494816224
0.091705438169146211158
0.1935104483497293304
0.09177192807613772374
0.24081224905434608918
0.092534680798086202391
0.14113441591002495734
0.092829380710653400244
0.25983752923622871478
0.093331020274875914344
0.21234681668143587374
0.095847115128174148468
0.33099170562535784601
0.096610826353658849075
0.44264776114205217628
0.097371673468669497908
0.15283097657882846465
0.098029199797482952095
0.22492235754953679439
0.10009535036987940448
0.17854971041156456057
0.10023103388793212776
0.35727773789189798403
0.1030034357414888746
0.38689433208552531651
0.10405256389452269272
0.28270474116501687067
0.10553330969040307374
0.11401461589048962619
0.10691710792490924375
0.41720358895554221501
0.10744273279060286008
0.24190288935404438697
0.10853143044122513794
0.30816057121801082586
0.10892504256222940162
0.13145479252139521953
0.10966654430514889695
0.26243760873570132208
0.10971478914261248438
0.16899274036952804945
0.1097992974838098712
0.19430925099560092395
0.1141339642908306834
0.21633398154485281029
0.11423697755218102656
0.15026894644613367213
0.11461244045586803375
0.2885304525037570289
0.11574395906990808669
0.33261453367641091727
0.11917988066718418483
0.36080125412567737309
0.12231706456231779268
0.38987265216318900407
0.12428274982652011416
0.1265223318137136399
0.12485820698951137497
0.17192296402923420984
0.12533139405695770119
0.23506259095971285267
0.12689120003608381215
0.28232720818141399111
0.12690915627369325769
0.25879328676625368288
0.12731741495889484228
0.41544661483397316015
0.12772992376885439203
0.20869967821130810948
0.12890872246445719829
0.19131383710701663214
0.12946871166711812484
0.30711729845825475049
0.13102442210810252843
0.14472540398944439
0.13488137603402200471
0.20966537823276379382
0.13644933953088866918
0.33397113925641069843
0.13848219212933748912
0.15971690353412074104
0.139459065467670007
0.36237346585692586931
0.14204762056199610187
0.41959010527241341615
0.14472287343351195044
0.22794556348012562363
0.14479334081869199569
0.38815872018397540311
0.14606388536404746326
0.25074044520134047831
0.14692832727279109273
0.27650871857858289049
0.1474936993317043088
0.17969740724605193227
0.14968582799829108221
0.30296301715300244517
0.15391376556846261825
0.15551606964631561891
0.15465153001683759615
0.20091539324127155597
0.15772703957840064626
0.3261311958976080283
0.15930842402213957198
0.34937583912322123236
0.16154961297636508122
0.40316177870023628405
0.16532041499542982077
0.22165833852437341611
0.16608092322793749362
0.17125025061315285457
0.16654819619230157302
0.37031802288662879485
0.16695208322280377655
0.24781018865133502826
0.16881702023884528896
0.2731536156218739575
0.17091588150709075
0.29635526346596313685
0.17297535286884388461
0.18972308969445217386
0.17880942351422723924
0.31541846809323248468
0.18243666138318148651
0.33876579823552682713
0.18394655425889919198
0.37956397786968903985
0.18513377086783786019
0.20438879326344641663
0.18804772398940070022
0.22961489854808947442
0.19058338120075410393
0.25581654758165378594
0.19305373806553705052
0.28247773902066664053
0.1944656971556770475
0.35361551347451625205
0.19983163828282843322
0.30709124832062195676
0.20406435609500928052
0.38393477211613802336
0.21074447776137977817
0.32505561773715296869
0.21249720659764384512
0.23412094238011788017
0.21536894518002808185
0.26017212930525918102
0.21566605678352912534
0.35385867971672546606
0.21837412129762323598
0.28554677139285200571
0.22713935092939219196
0.3755724242659750356
0.2333795774001413692
0.29983608533575861754
0.23518784015628821371
0.32736532275709723239
0.2413179393960565855
0.26445018294253980207
0.2424220451417888611
0.35135097091491762633
0.25715413992385849351
0.27823579912222501376
0.258687806526933739
0.30390297161958068628
0.26194374977901729862
0.3270383595232854157
0.27181341747055498548
0.34510078085257051006
0.28292458825523786325
0.28312455753742010733
0.28564261371722765581
0.30873570353738777339
0.29897732970691387466
0.32352082061925480083
0.31608212773489807734
0.33309553328097013525
