# Rule degree: 17
# Residual norm: 3.22751e-15
# Refined residual norm: 3.22751e-15
0 6 7
0.014755491660753948871
0.066654063479596931119
0.18035811626637057725
0.28570650243658662903
0.41710344436159918491
0.46559787161889032436
0.011575175903180655312
0.072505470799002505466
0.013135870834002695909
0.27179187005535493382
0.013229672760086890609
0.41547545929522905483
0.016017642362119263733
0.15919228747279279279
0.067349377867361170935
0.30628159174618652116
0.078042340568282408952
0.1687225134952594352
0.15750547792686994675
0.29921894247697028435
