# Rule degree: 21
# Residual norm: 3.13518e-15
# Refined residual norm: 3.13518e-15
0 9 10
0.010830647913896125981
0.053206302593702167747
0.11717932446409472236
0.18619987453160030677
0.23770504697050032217
0.29890161661837916229
0.4511180968633313193
0.4843688067990717383
0.49868116928006739341
0.0074014800191299183474
0.23806090893927819852
0.0094888802100389912919
0.13371423612729266273
0.010170375513970241962
0.056106078740441225894
0.01078708528953282661
0.36087827036133651726
0.04079047843492276948
0.23192922019831596625
0.048886410156411680417
0.12856000707434672714
0.056195103726493021712
0.34615363893081435576
0.10225476525427391883
0.21318238024685079446
0.13139693759954770846
0.30964180048539097223
0.19392111402204914583
0.35741779412597435295
