# Rule degree: 21
# Residual norm: 3.62921e-15
# Refined residual norm: 3.62921e-15
1 7 11
0.053053326162124832266
0.11196507126599034021
0.21301162561611999835
0.27733348691070897063
0.44356266419844186943
0.47729170352729283211
0.49568588568134114292
0.0088669963721202758183
0.13401222142299321072
0.0088790568465452433811
0.01323442158943809871
0.0093918689623563554603
0.23764642588419437885
0.010055654414166949676
0.36096495653593829722
0.010327837080757299587
0.056856258129139185253
0.046576068799308353863
0.13010624040909160581
0.048886636906341186803
0.23177859807504150313
0.052089413099041859123
0.34894158296114274886
0.11676737926942866441
0.20168332989838666514
0.12250710636115527685
0.31189122813615721697
0.20638859049536931178
0.34016360667501160941
