# Rule degree: 25
# Residual norm: 4.0764e-15
# Refined residual norm: 4.0764e-15
0 10 15
0.0078353442826037140306
0.037222925992440779319
0.092949701700769840618
0.14510924357450030731
0.21100450806149653737
0.29949231580450846879
0.3876420304045634091
0.42475930454057475583
0.46220870874870612077
0.48903936966039546208
0.00089146431749813467762
0.27941618864926059951
0.0018188666342742862338
0.44041692747934357843
0.0071283145012573838686
0.099133063341682148284
0.0071888282616930287636
0.041068819111784636566
0.007236161747948130149
0.17862984860361616479
0.012913883250032487035
0.36206880189597201447
0.024540060247524309034
0.25659540970901989487
0.036960141579671403067
0.15900790619732799169
0.037687949784259024144
0.088792915489366630588
0.048317434287376913316
0.3739379797195844235
0.068847529431497869745
0.27006673582095941377
0.078858068005635245656
0.17735379675725279625
0.11599980764096018415
0.34139103302114981453
0.13700669408707086272
0.23362281014171529248
0.20369291058425098573
0.29950641862967453122
