# Rule degree: 25
# Residual norm: 4.79164e-15
# Refined residual norm: 4.79164e-15
0 10 16
0.025783327886760260689
0.053681150630690864511
0.15893470088191063994
0.21409691447092640826
0.2633689999707463647
0.34218507820808441444
0.37289400484522705614
0.43361742674203829218
0.45765421890588570131
0.48145932040597100299
0.0021660339809488281769
0.015301739487044279872
0.0068453258519891070633
0.059385613715739533902
0.0070782771095503722522
0.21639840915247576802
0.0071186611085208373675
0.12745227207777942713
0.0072121301869903656559
0.32180593744838259518
0.0072285878253955182862
0.43694620801495992479
0.035030994246290816929
0.087488038978241824961
0.036910102776556180659
0.25879285776713062406
0.037132941558693406681
0.16434578159387736029
0.037892657694068083984
0.36676451665579945516
0.082243935741009716045
0.11373913233972859915
0.087145628762826263247
0.26271634929527315494
0.09103726940087848718
0.18209239135376720231
0.092796369480533186236
0.35431751761097640685
0.15656859078365265026
0.25658499407744994603
0.17353322899928072531
0.34996173258169804843
