# Rule degree: 25
# Residual norm: 4.98145e-15
# Refined residual norm: 4.98145e-15
0 7 17
0.007979240057121694818
0.15136640444215385126
0.36185295318584176361
0.40668166999068811052
0.44691849532042782212
0.47751710639484695742
0.49578446365770406645
0.0026658114346545117371
0.38169793411330565913
0.0033046871211376898855
0.17886223051501140557
0.0071335820328341792429
0.041363016040874979462
0.0078455023948682586082
0.099124060481193376759
0.008723300254407480997
0.27260217507903750089
0.025224854765964078301
0.37647745639524821115
0.026436655236959285403
0.17317848543683117546
0.034646242671804577951
0.041707294859966999312
0.040769500979279331421
0.093574969518366621357
0.044224052314177683676
0.2650904754820056497
0.074896969189998205407
0.16924938038307124621
0.075726275128650349933
0.3549042579627206262
0.088934957460558641817
0.10255271291860025562
0.10676990968748094335
0.24600204076600551417
0.14858939719663613599
0.33044125739976593081
0.18176526531871975423
0.2350347853179326485
0.23472440934048016681
0.29693949744181213912
