# Rule degree: 31
# Residual norm: 6.08264e-15
# Refined residual norm: 6.08264e-15
1 9 27
0.00061054576657063042155
0.038187273773911394048
0.07696123018334327659
0.09950402006407718658
0.14669308261115587833
0.27749337620940045523
0.36557106327200089568
0.41589079596127448424
0.46801346590748521548
2.6312203005522399355e-12
0.13126288632666729961
0.0017410339247260445562
0.053135843996803558409
0.0019392590906179916609
0.21916554859824863288
0.0041328081618930345362
0.30791040437732053459
0.0043443193075717511861
0.016517096009600447382
0.0048882044605294385289
0.4011075100068908772
0.0051019029767382512164
0.49731249078411082776
0.0093952897941012251254
0.08835949765140974077
0.012374244315611734185
0.16776107580713672807
0.016142179555223384185
0.037349247575317490178
0.018125308538916484052
0.24747649141952607343
0.018281312066925764492
0.12281839007932904284
0.023835342899157868635
0.34024511671374740862
0.026301756293605680487
0.43722502079390068719
0.03491394287529712287
0.065648980767093995103
0.041899218466937816763
0.11906101792897638703
0.044047762709002284687
0.18949089472473190643
0.052362434155167843219
0.27384043996644646946
0.060977150358955622966
0.36837961601696772584
0.085360921216682567048
0.1388311600715920191
0.093061287303682307948
0.20992877839304049936
0.10284667585959428315
0.29477250578504254896
0.1128471549161432913
0.39149343292323179888
0.15599113843397710566
0.22087341321153591833
0.16113158594119000866
0.30990895224480996539
0.21119617089227887829
0.33881197521795392014
0.21374531117522796442
0.24854454442890097643
