# Rule degree: 31
# Residual norm: 5.98185e-15
# Refined residual norm: 5.98185e-15
1 12 24
0.015983455596649973063
0.056982815933848296464
0.10807533658068800564
0.12607136643563676692
0.17599451772399649085
0.23453198249689885535
0.28474949520891945642
0.37932008125542238108
0.41913559016359552833
0.45046352244284892929
0.49318983782427860962
0.4999999999898069869
0.0011534020619950971932
0.0096172581863723481665
0.0035124618494714620644
0.038335059395455388376
0.0038492115959220946086
0.30562538090267560298
0.0045616324620573068388
0.218455643298897495
0.0049197176428648252758
0.083955710280994189088
0.0052415640981716251148
0.40054487318122300454
0.0052832257942876563808
0.14455388319100051508
0.021385587683950917776
0.31965005513203142984
0.021937616620000616879
0.049556580841892031164
0.02232142515929554788
0.2408778455184458489
0.026738824164123931038
0.10078221159293419829
0.027001045970082696024
0.16642629410634673937
0.027593371833264854903
0.40233877429487485688
0.048434999140953810537
0.44674073209273423846
0.052476268057132555156
0.31997926303971802042
0.055614840318075391135
0.23717409554726612275
0.064507219669771423409
0.10635011072760623685
0.065469003471601922017
0.16402455321843373293
0.075891973151436170619
0.37621728680620913909
0.099189253203894559019
0.27652545789075105853
0.1100556850143081522
0.19560553254442625271
0.1301579628404948008
0.34617519592132289796
0.16171492709606063998
0.25305728148333278549
0.19964674534590229338
0.32130344633631308104
