# Rule degree: 37
# Residual norm: 7.10028e-15
# Refined residual norm: 7.10028e-15
0 15 35
0.013197745178021906554
0.019499536090899098617
0.046571799047373789449
0.081835055420163949069
0.16113195593356346991
0.20378973363914668071
0.24745545000481472542
0.29105406079897255811
0.33329040301713958039
0.40874171048184659849
0.43951514103332828265
0.46439545396233150587
0.48284045982022899546
0.49462172257658310048
0.49966321274923253259
0.00047804992794134711044
0.34072580459463780445
0.0011383312100167197484
0.19883675800194022809
0.0028245417126749284772
0.13865540454184249741
0.0034992375298805574943
0.088026033162966962897
0.0036033451065278039246
0.0039367655405343716588
0.0036475587069909869847
0.04807705489857488218
0.0037172495498572670838
0.019761857483810828934
0.0037313719521601023191
0.26606206080160704763
0.0039146498946713726569
0.41784691525838257853
0.010191481119608714057
0.19734374230746690171
0.010312265949812790197
0.33804467931225457011
0.015332532766500487492
0.13721221603608055317
0.018334779284123973314
0.086937420858315350713
0.019122911446097737992
0.047447281500741719795
0.019549717502097243432
0.2627035388623882306
0.020644049429084699449
0.41136230347395408291
0.030591114550792462834
0.19422581015722281683
0.033244146935992792413
0.3309461245868245971
0.038779189897376116491
0.1348507804912950081
0.044598210446935224183
0.085342157925919259753
0.04779460175030891822
0.25582171874101988784
0.050717463348976497828
0.398813946680331044
0.06253844020881788035
0.18815898908922790156
0.069141868605807108028
0.31838482702668585711
0.073598181716839877753
0.12995377328789303739
0.088355908014166276154
0.24373835837809407212
0.093840022636692957403
0.38020824995983182326
0.10623824900398823323
0.17695402003951568592
0.11751083726559360954
0.30013786888890309212
0.11938958431391444304
0.12055519222483193631
0.14063968506814317205
0.22637376650100043962
0.14930404140874878327
0.35548851044213575223
0.1774654341892677456
0.27613139073119880029
0.21570507522364629205
0.32533999243234656973
0.25404816751557607324
0.37187950655388207766
