# Rule degree: 37
# Residual norm: 6.59265e-15
# Refined residual norm: 6.59265e-15
0 8 40
0.0040049918791277474422
0.12493862702168431755
0.23928211233235224809
0.39368199172779416717
0.42927017286392221695
0.45716878528335685994
0.47914094873990237256
0.4936465037379566545
0.0014470491316585147677
0.34220790935220452011
0.0015276046878409503278
0.021004106723641616933
0.0019946439529589404284
0.47028145175168312164
0.0024176837696570315818
0.20710021460518054925
0.0026462135435818875256
0.094289095439491960038
0.002902206112737370277
0.42033592928473556549
0.0034210857649650985683
0.14768797059231708602
0.0038595400989528414262
0.05097244062832288064
0.0044903876321380617118
0.26974002094726523548
0.008524749007257956257
0.39959547455012472961
0.010090554614901102101
0.020914627067955340878
0.014745137151294478856
0.33056489377536285579
0.014904835583780260203
0.19500258620440846791
0.015427116871271020007
0.12697509968974973749
0.016134044758533028219
0.079975299504440378051
0.02054687997717393258
0.040768722896489674457
0.022271777419349859939
0.25565531721176665281
0.024619325466951655357
0.41973574608248126472
0.031788417319532268068
0.15285503360081517665
0.038278321328218553599
0.34993636321347126872
0.040139250555342710636
0.06020611009674419617
0.041147952355192030094
0.1005883390691069551
0.044633229208767374874
0.28479761758615995682
0.045207200042303830045
0.2036045933884145509
0.060691516164767270181
0.14432607273499320488
0.061370478906205838676
0.39902320918313488596
0.071957246983318137734
0.24264547399908717451
0.075290302377191059557
0.075303575247427936845
0.080064172901844643526
0.31762031558325842795
0.081284871432682551107
0.11607673877017618547
0.089759565612720734751
0.17892560933381798649
0.11068661091638899718
0.37337052526492003901
0.11307826890654737451
0.24412485186806126558
0.13523737614149025643
0.29724469196731201359
0.13925230804813545915
0.18181118595516015946
0.17292897087745959239
0.34861675049692653072
0.17402936284920508814
0.22237808837680436702
0.19144598699849238455
0.27727796489938033586
0.24337944184169157946
0.30806593954793481949
0.28643321089705592319
0.33495701321595061639
