# Rule degree: 43
# Residual norm: 9.1989e-15
# Refined residual norm: 9.1989e-15
0 8 56
0.0028568655616181977928
0.037986047882911995466
0.082621164573600497372
0.17564381736356890484
0.26789625713027886977
0.37131953420477420424
0.46423527404860448486
0.49961539298765367256
3.2281568571703098729e-13
0.065771294570079047448
5.4103999403300210845e-07
0.14854990250526675655
0.00056298496231706770913
0.41515041243376343827
0.0014617699381965407711
0.26305292983265621265
0.0015305559201403786708
0.3361962002047005349
0.0025328877182317238205
0.014818783576060517299
0.0030255462033124801841
0.035877474069774678567
0.0031304948310240856418
0.20133330065521876096
0.0033072142821886992177
0.10310644455730501312
0.0068799915206492071387
0.45600881683801014477
0.0076672064251276372815
0.38076536021395152032
0.0079126414144171739601
0.065015396266663805225
0.0081336422586950601205
0.30355017959461089161
0.0082841954099350870178
0.14853134038492471491
0.010961446190935024425
0.24627042694232778586
0.012282894947320193574
0.015442092547754551063
0.015904535875903683811
0.034885406702321944405
0.016959512285518778263
0.10307852269398935785
0.017410297717247245897
0.19368576569212703209
0.02068021787475821105
0.46318848902989384619
0.020983206781421584464
0.32627102404922292411
0.022861472418827025882
0.39853614585301833095
0.025197394010264773101
0.065220890775004369821
0.027548095659666163582
0.25950176736817953671
0.028664433470941465959
0.14391558428795733771
0.037873860974733858376
0.20243229415067753862
0.040668893212051172859
0.098924384106003446226
0.0420941019252675519
0.34556460179065479066
0.042545347422691691397
0.44532799966877989473
0.047055902797815636618
0.28894498754075270686
0.049977256157740755638
0.38947187955706707996
0.050422324877380172992
0.06747556790241981961
0.054846502645164593726
0.15999404465957031696
0.059425512695121335272
0.23049035004230367107
0.061737172595501148276
0.11812876800092700358
0.075306057794273101313
0.28471054383416910527
0.076257302283466804615
0.3352856160580556244
0.077604743755453259313
0.39791531936726393104
0.083375108767011485433
0.18176172917170821397
0.094296431073620262664
0.23678762328503280554
0.095209435728293378975
0.1279967295056757548
0.11110904495418878757
0.41365013231492347989
0.11442442117933494805
0.34501109502517496308
0.11553745253052957742
0.28250675135211084088
0.12539212260708687552
0.20379315035109454857
0.12554222397304551362
0.15706566052801201883
0.15227911415164624431
0.23816126956774463785
0.15431204529174039064
0.36396597811634784359
0.15508667971002729202
0.42061875803057718892
0.16187832266269441828
0.29756739695245587596
0.1954033070029775887
0.22851602312357177649
0.20355571853357840029
0.39785517134197823097
0.20385386935062413394
0.33459999866281397995
0.21610083541734617651
0.26980890500339554938
0.25660881472699204053
0.31919696764935179267
0.31281068796922112396
0.3149541073503135391
