# Rule degree: 43
# Residual norm: 7.69238e-15
# Refined residual norm: 7.69238e-15
0 10 53
0.002872952531534219648
0.011738193883603368489
0.058605242280507251207
0.088119400432457792305
0.14390914672034052502
0.17784801876946496058
0.24324302010539292085
0.28721418209987270576
0.40835828503855781113
0.47062706288468586502
0.00044843842573644263245
0.42264899710180986458
0.001182363249526202512
0.053102392815050622477
0.0016036917315327007053
0.014869376218994515351
0.0024208737259610751437
0.088764324095686228389
0.0024783557524217392914
0.24861487452199487747
0.0024971917766584269746
0.13400954359353622891
0.0025291248531103252203
0.18767822487159493972
0.00253321815099230227
0.314633919136213136
0.0028293306642734501744
0.46686052971153640945
0.0030815871069620752627
0.37933192662493719904
0.0040415132443084476541
0.031664647653402343275
0.010406643322950350633
0.06158601040290379719
0.011346562966008786125
0.42103404210055328516
0.012834820073006077135
0.10529878800161603103
0.013013295533674055712
0.21407485233626660781
0.013049018097765041624
0.27813642788746878454
0.013198311372806758451
0.15563594728807164658
0.014408887316834189524
0.34430189408670297535
0.014649674716364436203
0.48060673588134833478
0.016622547439011529924
0.031906468231533251234
0.026032614913499754067
0.39167725162195726751
0.027840663318579920993
0.079633365265983260817
0.030840905192358793879
0.048729448521688770168
0.031279249481441506742
0.18178482712341553773
0.03139498025419504984
0.2415246896041688407
0.031999212069490419463
0.1267910832895207951
0.033151439909255148164
0.446170722787989249
0.033465903762264569143
0.30276571560872755917
0.040191730522031517137
0.35831896504963933747
0.05141405196224235058
0.092307821610278575908
0.054561292187627535855
0.16044840866626772224
0.056388913612659359587
0.21425784583321569321
0.060202837376368494027
0.39927547262760715308
0.060655910171829849342
0.27007954946135298568
0.06527605031548508463
0.1255945444828739932
0.066692675154587294228
0.32673403617201707272
0.083789654147760461722
0.18005791743414764627
0.093010392579137290969
0.42217124946410361508
0.093559953291475442261
0.23382260380702762914
0.09693439529414055178
0.35676049790447927901
0.1000570951158793187
0.13291333344734262978
0.10192793843730062198
0.2889121727511694826
0.12136704208186438469
0.1810863888312781167
0.13473630468805694593
0.40006681014621170434
0.13853510930376988775
0.33395161871153372646
0.13915719369324011656
0.22345152063893053418
0.14356081820287522333
0.27526941706026480938
0.18287132103892575485
0.34893439294755146385
0.18817758226764552676
0.28811235618265412795
0.1894479570487032638
0.23197997871213629772
0.23403591010135363359
0.30005089706605453381
0.23670173877471942236
0.35315609625419663864
0.29364153147439564506
0.33653547601366562425
