# Rule degree: 49
# Residual norm: 9.62803e-15
# Refined residual norm: 9.62803e-15
1 2 78
0.027524048327557937982
0.4934737410257832857
5.8446534810980897578e-18
0.23516770377793902447
3.2544665173406846085e-05
0.4305503545333639881
0.00022603733786304673484
0.060045323096423700027
0.00036456314035665054974
0.30170195587635079137
0.00074819709728461821982
0.01914618976993806565
0.00077282214395123281867
0.0041175117374106255316
0.0010148204045823260196
0.36471539460714014202
0.0014330116432626658837
0.094797853190281625158
0.0016970599591888382764
0.17609001521632788867
0.0020961448267027300157
0.49880258482933187425
0.0024878115147348753115
0.13315988042477996944
0.002909083277311177735
0.036189964332933928504
0.0044989721585777381341
0.011049576481758938487
0.0049036845014725997244
0.21136816730130969511
0.004926374608476881585
0.26449710680418064834
0.0057260018180228080056
0.063376710183993573144
0.0058896241866631749221
0.44297068062726568938
0.0059411787876516714002
0.32300872971449823279
0.0062092474393844465652
0.38642161077219072673
0.0082172750661414755563
0.091780766931146659515
0.010694932679284162649
0.022222060480555121814
0.011340799526900209593
0.16464953050371644583
0.012012000194770309364
0.12188941599765967805
0.014188383805940125992
0.044562909780935675008
0.015059505418733012613
0.21920900328520365186
0.016816385657000575138
0.27376294431920411565
0.01747664204867992524
0.33042848772852717598
0.018554383844932593323
0.38247634551659809299
0.019801662798632626433
0.43603027681886297184
0.020201760036293935768
0.073883029509325875983
0.02245690722042126275
0.10580830545473920989
0.027372760916724022534
0.18462513691835408247
0.028820482855804439165
0.13922092189482807023
0.032632863036778696209
0.23900673487890247704
0.033142743019178862174
0.05120781295831944302
0.033301131107882631088
0.48288735137568017386
0.034755519502744955385
0.29901653044758319533
0.036838501326680643533
0.095608920605205774401
0.037512076984326916951
0.35642728063887346712
0.03924872807172002237
0.41515032798675188808
0.048969426419367023673
0.069070550759391363682
0.049505656325601429812
0.20205990933029144285
0.050327242817222235527
0.15965804472033048866
0.05401071840316231526
0.12024484124644775618
0.054587640455353372837
0.26048609384033821756
0.0598844478430191271
0.44128535224106174573
0.062088049183598052749
0.31449583489896304478
0.063598076299659633825
0.37290090276718945717
0.068940809871079589133
0.089067568597119978202
0.072263820613821749816
0.22617852416139022642
0.078306305365597281276
0.15326498020217740881
0.078839288388062103707
0.19313820448866572677
0.084268060089398785784
0.39240329376096921843
0.087500052902312400183
0.26636581457240260384
0.088730199033901377415
0.11565038933960516965
0.089370044217905883488
0.36492351975908221551
0.092530572141230699179
0.42874223264022337521
0.096832843611919031113
0.31959501818148083885
0.10922710706790558777
0.21766478358962268458
0.10957004860249471012
0.17162001383731628756
0.11772892168533129198
0.13703308881405132369
0.11820889024494245223
0.36618154420380444325
0.12631041706083720455
0.26690602842847571674
0.13095345805883992774
0.41185406997355750169
0.14151102824320999085
0.31258292779775903591
0.14511783494052829524
0.17210014942624932144
0.14934025549791127285
0.21614165571711407843
0.16280648243407405684
0.36112615664412162086
0.17501494959344293667
0.25389151686484540127
0.17884045784095900511
0.40701735807669925382
0.18635507960999153632
0.30342841609706600048
0.19120474567355844053
0.19127239088653910648
0.21275825410766227574
0.34211562393537581217
0.22156281599479701883
0.22159623733304392723
0.22697401890908849853
0.27038436844607982579
0.23262121489234352523
0.37609365842021769133
0.25627561839634810381
0.29777783902006799144
0.28012121239946763396
0.3312533789550849983
