# Rule degree: 49
# Residual norm: 1.00008e-14
# Refined residual norm: 1.00008e-14
0 18 66
0.002044218591272099414
0.011865265501358699188
0.024492692397582664643
0.056696460230610853936
0.079913056725896311483
0.10322894622816039534
0.13047743638897602025
0.16006761409290320985
0.19202757980905760249
0.2399806744441055073
0.29622633344498128238
0.3513226940817385513
0.40181344986678346753
0.40831369713201964844
0.42478706171725838514
0.44447064629877985897
0.46166740592956106992
0.49929055103329011978
4.8543263385280402162e-06
0.21835698183295509933
0.00097501088979432578956
0.081540214562904542173
0.0011628360812639079204
0.38630342301863390686
0.0012593858955411434304
0.027025004766241114001
0.0014405392703675764295
0.12352405166585295193
0.0017965783263554791632
0.32735768694716699256
0.0021896384507190482828
0.16873738096840928957
0.0022284653955260773882
0.27075424259314256892
0.0023054677880164661623
0.010947143964925036899
0.0023407175363109110171
0.050154884178014967622
0.0025079187598969925922
0.44179292788057439312
0.0054319125217029079825
0.21682736120874734898
0.0066506459508969221345
0.097933327737420527992
0.0073927231206476883701
0.37599823743988264324
0.0080273679094040630011
0.027516946996519256463
0.0080898679501282197424
0.068880131261373045426
0.0091521737875279104979
0.13645347016116807226
0.0094158281440430199177
0.49501439695547488906
0.0098927317120484446061
0.3157399503784429351
0.0119435723745608003
0.26062179627980608387
0.011980943931330260283
0.17676631042691975937
0.012449125603851614666
0.42998238021295598354
0.013715132718904551878
0.045638150295632520792
0.019619736843377068303
0.1090693237688463435
0.019906012929842030468
0.075479810536145941491
0.020066265949234596971
0.21225613093951398169
0.020154542582720834376
0.36366466259962915153
0.024899073330372219898
0.30537413014917214049
0.025029919128364219727
0.15061069029846901879
0.025429319572513514602
0.46264755387307038292
0.029345247788532046601
0.25423178660443596089
0.030667954356345318578
0.40467016398286859147
0.030936280704873714981
0.048507625880862430268
0.035753539741495109217
0.18628554279288492279
0.037671876523393363345
0.078732694042974449289
0.038875265475242233582
0.11498656865178621955
0.040894942595490722803
0.33939667216327629173
0.047314706116150094528
0.22239564582601253906
0.048102240351177716349
0.44608329573534860613
0.049384499619613268784
0.28188098019170143571
0.050016749563636136999
0.14875297899167058691
0.054662330769362076077
0.38233132127268554257
0.058929037974712571157
0.091964099693772213828
0.065652070704922266264
0.18045027616158543227
0.069129752208223191334
0.32076451335375960605
0.069189909045370423524
0.23862354611888497713
0.070837974816661888888
0.12219355819661270601
0.077589532839594091418
0.40883092815654509256
0.083524267838537960551
0.27202372753343789791
0.087662236809551208339
0.35329326099257490901
0.089123386993209915974
0.20488557655506714483
0.092466808015664758713
0.14995576051726031142
0.11022041715501572356
0.29625679417255418313
0.11226536794692819343
0.39430575541394480288
0.11368683593611449145
0.23646537369142389684
0.11962008267344563517
0.17928844469441387877
0.12130335862737091912
0.34163815171726330533
0.14816540041678885609
0.26391238633511215905
0.1509222974597326794
0.20928353154376674872
0.1535482018271845106
0.37133907583429298649
0.15518564765726761134
0.31439212658157328351
0.19131611600316597577
0.23752510953600464161
0.19580173043525228582
0.28740988793519511857
0.19701578323810661764
0.34289811414071408313
0.2437572959631084113
0.29263793132030868627
0.2452477049155047939
0.34870087503045166244
