# Rule degree: 51
# Residual norm: 1.00394e-14
# Refined residual norm: 1.00394e-14
0 17 75
0.0021446434160010828703
0.0096791381246812743105
0.046410319201712534054
0.067059385938578228159
0.19752031155773586146
0.2263125656799458707
0.25612499771243241176
0.28269172450110846562
0.31817097460085147498
0.3871640428589970262
0.40791979128479843864
0.42141576021440835254
0.43773630961938508888
0.45866233135101475149
0.47094335086854544059
0.4829538112370396763
0.48862279460952928734
0.0015739448014528074123
0.10925716246721382807
0.0016403365433931790286
0.24614217752520542448
0.0017131283462069959739
0.049619189600661410544
0.0017477011640393779433
0.300265643497048762
0.001752126233402996917
0.011314709853785308996
0.0017695898394830883102
0.076655504624355941257
0.001816755912167121326
0.47061276560802201008
0.0018219224523730718525
0.35628984511460370932
0.0018481141514890436252
0.19496696687279108096
0.0018685860781806457563
0.027498534834392740489
0.0019127929808409359965
0.41331693858821633158
0.0020505565436774605102
0.14906764145960851864
0.0086140209986675514431
0.23725863324592796899
0.0088226680136653471559
0.024035054401721336892
0.0088677648861241013811
0.11221354876587404104
0.0088977648218873366809
0.076311311574076640118
0.0090614695759672243824
0.28846257491704369036
0.0093828287158557489855
0.046454348851006403709
0.0095331966610487095526
0.46434855510489198016
0.0095620407841728038978
0.19170887409969236681
0.0095656260822001380056
0.34427261861672880938
0.0099532511447909914615
0.40285062085777240126
0.010860883675958003108
0.15205110634239180079
0.017433546017112635379
0.02559983502901579458
0.020856539135874891527
0.20445244086103514514
0.021348086108485857942
0.25236489370411563371
0.02157322606410248117
0.063657396306210756176
0.021899358953730622968
0.094240445953851073591
0.022753115932588715425
0.3067578873383015603
0.023180828878699769741
0.42843268889172109182
0.023725815060568682807
0.12916944599626864476
0.023950355804806498783
0.36488662027457891002
0.024852691478277774695
0.039792478665159024265
0.027284922678066605983
0.16775880424690681192
0.034534854474532888924
0.40224916955293177345
0.035611534021076418632
0.058079596224729190812
0.037397603389238844029
0.21727478166325436826
0.040517403443079483272
0.26883922980820834647
0.041235840561795161774
0.076455671544903652803
0.041633284685726315577
0.10674238349536564752
0.043173295572544873044
0.32510668641166917681
0.043969130581266772928
0.44381900587349498721
0.046096774504300996878
0.1393519975290849755
0.047237182721804535368
0.38072711818564453079
0.050095188125125388046
0.17870135871945011519
0.061093700843755219254
0.22707694252869134455
0.065825031140237494354
0.27968596546856921981
0.066452256474755944105
0.099163389547581901051
0.066564239459887458716
0.43299776975946030477
0.07123883805185195206
0.33292994577105411436
0.072965064752271796555
0.38938455438823543764
0.073183250719653522576
0.13617702183718369269
0.077974969673543226278
0.1793266509351744975
0.089808436608119074362
0.2241321080726963455
0.094357412448230204571
0.26716552425206496757
0.097565194064732380097
0.097675765412901294216
0.10245121315847507959
0.35612154511789884115
0.10361018722997016039
0.40955125433773892363
0.10380730128579455929
0.30559572260342648953
0.10571821579077553266
0.13454671609049670411
0.11084783212467606839
0.17229492146791247631
0.11927665901390720193
0.20627789760891679371
0.12838213615296281689
0.24680473047057205349
0.13611743234471171404
0.34458322231905819111
0.14189252012303646411
0.29247478907211160726
0.14408058504517096132
0.38335629405840787598
0.14572454974995430188
0.14576516898758795637
0.15359551988594258298
0.18932298495776550551
0.16586866665250149522
0.23273545537530793137
0.17794023683385370993
0.31925772054092538266
0.18529308360731358563
0.26495996342231709075
0.18747478380121418429
0.36365183734086509171
0.22211631517879135145
0.28339917781071000125
0.23054409359990257755
0.32737798316852162461
0.2717300954163572313
0.33852083276872096951
