# Rule degree: 57
# Residual norm: 1.16221e-14
# Refined residual norm: 1.16221e-14
1 21 94
0.0016434314301473019939
0.0085049119334985635865
0.020591690406433688088
0.036172900271349797685
0.049798391114374590538
0.1209363763506020456
0.1485012494972075825
0.19132141757502268975
0.21879186295413577401
0.24345393067217035998
0.37234469498405997623
0.39325352473762753558
0.41178037785495169576
0.42791400052241385099
0.44673808905310047335
0.45930102052892846087
0.47110905817045400923
0.47668271494109526465
0.48208876861544142089
0.49018123881545544451
0.49600115567559760477
0.00058271894074202765321
0.34682120599979998632
0.00071603114927299620161
0.060669365185258491979
0.0012172266429746072224
0.44459968149652762115
0.0013157662872195076235
0.23468378545705068094
0.0014643091181628603657
0.49925111013519979375
0.0015181014846314675511
0.28034047683003049389
0.0015213195821460218527
0.19199582227869124718
0.0015392690202167035388
0.1178266104678302173
0.0015684662253109117689
0.021027955118214716745
0.0016145880129996713521
0.087203130381672461224
0.0016194028328391995523
0.0086238870549873967997
0.0016239989540820694031
0.15309614604252724801
0.001680422550601037195
0.03855250261381888699
0.0018014405674076224787
0.39246213509612254411
0.0018492242082311183358
0.31763340317447236183
0.0055351838182774960526
0.061110788829765783081
0.0060421033639228511128
0.34542469660193181324
0.0065138926992788252421
0.44643294234268587894
0.0071300256266523531767
0.24578045394996567152
0.0074183810375767506723
0.20140010133799265968
0.0080876984130358459124
0.12280825573404978435
0.0083198345908677088373
0.020800669665221895727
0.0084285509275201404844
0.089594731660527990313
0.0085150940086419438929
0.29352890899930261792
0.0086394651017825726397
0.038404288100904883374
0.0086463116018779227756
0.16052816560105787058
0.0091968143992242987889
0.39574716096259360265
0.015780369785160151125
0.061586670814002986152
0.01595093189215379334
0.34414150456693270996
0.016502475475725707915
0.20739800287553963876
0.017039721405159625328
0.4416186527544923579
0.018111254543202077311
0.25095361366738883069
0.019610518033862968379
0.11829765815798794215
0.019641816790734251824
0.30006931147383625325
0.020351110749425919272
0.038411476168664936137
0.020570711477454761695
0.088250382257684209519
0.020980313210152107956
0.14710261299104296362
0.021138077227959500143
0.17653200028692972445
0.02247894633136581638
0.38858599350028311115
0.028537527720218142102
0.21816784459868870938
0.030427473158705184431
0.34025894423616481754
0.031226105648657489361
0.05852743220241618527
0.031339553483233403841
0.27551339874318409029
0.032880870288320922235
0.43172965620736314385
0.036168014876875306807
0.08150586411162233369
0.036392723103293743436
0.11196641528163808754
0.037374182320186459527
0.31941971296282462012
0.038099222136680759021
0.18456980686597279639
0.038580294463076356126
0.14576690515133663983
0.040388803274699472401
0.2368185216964342199
0.042015591333306158417
0.37723785259468856079
0.049807837033730401055
0.28256334932632393153
0.053469395239873922232
0.42401790100951225471
0.054028316662278239035
0.095682017382510600734
0.054394687372188242624
0.070650852619147511136
0.05752601212713613632
0.20187536388577792534
0.058289316173935783183
0.32952480584627052984
0.060480181226047202703
0.12317387169926649615
0.060936583078987818785
0.15993712708573312731
0.062352307936250010723
0.24251183082307289918
0.06293738014580882445
0.26731684176683556675
0.067591608065029326613
0.37578774793428071366
0.072840189149891834686
0.08739385844957024696
0.073813104108001056924
0.28261281318417225128
0.080867306306266942273
0.42013794877621840618
0.084369585062744487103
0.18637653287821778769
0.085397288125700937522
0.22799671702603674373
0.087628680056581434443
0.11070027392579771808
0.087829652436662491999
0.32766469409937948321
0.088084298750607165074
0.14448381950800684437
0.08873039999030030156
0.28402134346376378682
0.09745463377425339635
0.37204792548725851287
0.10313413195536301481
0.25242789575012042347
0.11557388690943672105
0.16151481779650175841
0.11563023400609537261
0.20261260695153412992
0.11610823690538525643
0.2909042292866406143
0.11735382205584948823
0.39967154771496521404
0.12412253783201188106
0.33453013145339838275
0.13244671306161842628
0.23857465003129885162
0.14680241735953428184
0.36621466186746232108
0.15085619580191900191
0.27558842902425972898
0.15111970675027017186
0.18617809479652330795
0.16058971333239963064
0.22221577115373503108
0.16153402267423386252
0.31397175589974990473
0.1670031725892605623
0.38367707096689307456
0.18298012719323084041
0.24105849844280816119
0.18558588802401090878
0.38194536916141264005
0.19067788659431866849
0.33195311944901040313
0.19776260631199937823
0.27535752686590764249
0.22774715987502744396
0.34388264891888009611
0.22928735679892511823
0.29512596249638262114
0.26509338395150283674
0.27745807268351968533
0.27002083522940484306
0.31384082159225623609
0.29512628745815067122
0.33142617000715735021
