# Rule degree: 65
# Residual norm: 1.55721e-14
# Refined residual norm: 1.55721e-14
1 9 131
0.0013903898290667563407
0.067934510214739868283
0.11818516548527682741
0.1607599933249115598
0.18527874963855045509
0.22017659416754722934
0.31068135294704857241
0.35872760905385947527
0.44847481225884766598
7.3701344597866298854e-06
0.0071839725999100706791
1.2541810222375963994e-05
0.10569609518003789117
0.00020253661228452010949
0.38513420736514031306
0.0002384039851660793173
0.13788237953022450255
0.00062119258259372847966
0.43014170690256159357
0.00094573390979669591343
0.47767458959862574286
0.00096935012497990891665
0.24188993146453657834
0.0010168844132248699205
0.076089797714628357173
0.0010188349568369503128
0.2858286105409764688
0.0010348699508961026368
0.33004222120271947682
0.0010832308636777208347
0.032965957589794113447
0.0011706513248798599766
0.20046577836250456528
0.0011774376313992539894
0.052650927765476134013
0.001342713476111833705
0.017683485141778053362
0.0014597968092855317847
0.16565528960733677533
0.0024610271318414402887
0.36411583149902820855
0.0029770568423700275243
0.0073324762808418550777
0.0031637137404279280263
0.12670912193536995605
0.0033584180309148541771
0.097409746269297339816
0.0037589837874565023776
0.44922683934315033039
0.0040787591510052538177
0.40456196496291113585
0.0049130219625470655451
0.22328530480578487327
0.0051775836045650112591
0.26541030954887512294
0.00540258470371766681
0.48679386237586791397
0.0056324685316923453829
0.31091419322583824236
0.0057400061257804040754
0.067811997920774039206
0.0058748073505385462259
0.044244933128825138235
0.0061174530024353307098
0.027014943872443724499
0.006385906314849709893
0.15340343087677799083
0.0071396111442446385034
0.1876400472852004786
0.0073781325685091068978
0.013964647237587380496
0.0081915712011431471989
0.35466011160739624453
0.010222020882575592535
0.088440147989953921126
0.010232092029247928655
0.44536858018377756263
0.010404825188671883163
0.23130680621001076247
0.010729069298118742298
0.11596187731768327345
0.01124793873215634149
0.33327165476220010909
0.012178185383442103815
0.39770963105738754706
0.012942745828583341119
0.27535528188358748825
0.013009378340963767898
0.1420273470381733516
0.013171827517283050263
0.054601713632852266755
0.013386260021378104668
0.49275563312057407694
0.015085691041819559999
0.021315304338579452864
0.015165236075558020251
0.035340285905754338647
0.015210416999334274227
0.31420413398846469555
0.016884947811760881581
0.20149727412597509546
0.017067689842587836779
0.16677183357835689836
0.01742084176290224426
0.072462750984640555973
0.017905117114491692076
0.24123096489463730085
0.019191649443887980053
0.3553879638581832201
0.020128214246334666382
0.44930810416820460285
0.021828943424199748202
0.098507411992003204859
0.022878520361163393743
0.41297152752527677144
0.023405598940052087936
0.12861554811103495521
0.025054778939552317663
0.47192759391207250719
0.025107852341609393498
0.048658779802128265812
0.026078148472032453703
0.27385591499080169653
0.027904934116772649871
0.38003360291466353749
0.028168850826313041047
0.31326942079888686621
0.028769934144569665746
0.029329900216881397285
0.029030720446212195107
0.22967304256016171649
0.029964253057287542487
0.070090432682955380872
0.030726775843851868164
0.1572341353047524426
0.030739799252544400265
0.19186964697425440418
0.036164352664187465747
0.3436212737906516046
0.036660644252002771992
0.091181172050692413378
0.036810233540727932411
0.45939287492495567422
0.037115891724646847549
0.42225944235278212169
0.038220008404187010009
0.046571577905915324813
0.038486874203801611782
0.1171642618954453624
0.042073023200241685404
0.25776825913323531125
0.043831252287007051172
0.38186345720107128798
0.04461591772724020355
0.29624056887366811974
0.044626538775842605755
0.14275608542192275152
0.045752770671611688036
0.21814948045368914853
0.046618148819571596231
0.063240303086389310083
0.048449867784539454862
0.17963133240704365345
0.052887985633385203865
0.47292239323830559394
0.053233615933035521861
0.087189326785986467905
0.054379894629611472134
0.33425593709993306479
0.056339972208669195086
0.4241663028764404153
0.056842442001151106956
0.15035247823663783207
0.059127552658625959214
0.11404310806773548803
0.062585932499132482243
0.37613701664189230778
0.062660316238440774694
0.24772975753996726023
0.064416374313812210795
0.20683855791591151951
0.064923606128676272786
0.287592497091951671
0.073073182732342145673
0.13681090429927905694
0.073141827136487563843
0.17265116861157658867
0.073230445132372243289
0.32571998362142512429
0.075454344488157673587
0.092180353362195197042
0.075741212122133250162
0.441686279793610026
0.080854060864530730157
0.39487416758803778327
0.082053787486112542138
0.34534974057877393383
0.084187835160551741098
0.21404610550018604576
0.086989189383137030531
0.29397673765658294265
0.087253799063523679314
0.25188438191516160369
0.089362526147935064658
0.11188142988514719611
0.096844476085371972163
0.14536171329750507963
0.099075520753100873583
0.18054662666974816143
0.10054750594830495769
0.41169290575750105976
0.10117032150667602808
0.35842732586999537236
0.10334736808066832814
0.26079793278154017599
0.10748449373750414149
0.31249858490594006888
0.10929982557336773152
0.2943989451214500952
0.10983680438253431988
0.21790927233573284538
0.11646618058566422793
0.26897492613793339
0.11975747518754838172
0.37895245914939806875
0.12628407157053203602
0.15129720537207735909
0.12783702603277385945
0.23356056129261007492
0.12872375484966450121
0.18529331314163910438
0.13109004947031155375
0.33209175330388418512
0.13249504253815502786
0.41267820606900734726
0.1402894691196365784
0.28659612790010308148
0.15057572806136029775
0.36171723095597235753
0.1526541751530905433
0.24424430591292992099
0.15267962489115502467
0.20340513008676444628
0.16529642715343625947
0.31268284592379619324
0.16573415384492456992
0.39611624706302245302
0.1770549794833712054
0.2681617520056058801
0.18554074960916447368
0.22256982553781784473
0.18568991283452909724
0.34445923941503486798
0.20160670881365422291
0.37843977734654632439
0.20393746234497317493
0.29693232944767949943
0.21092207756591355161
0.25302968432111649921
0.22480439881533087476
0.3291350461211563494
0.23803503218913218964
0.26081099177369637676
0.2398016763208598856
0.36205238097946706999
0.24722117433888543547
0.28893040886291093683
0.26791898532136149136
0.32278946667557228967
0.28330026481081660439
0.28335125090160417916
