# Rule degree: 73
# Residual norm: 1.86564e-14
# Refined residual norm: 1.86564e-14
1 23 160
0.0010053867401572330696
0.0056775483423609314146
0.057317527470122010824
0.074675120873601494309
0.094245338927826660669
0.20080585323222022165
0.20854339162826146525
0.22533852626127526264
0.24342890075764925251
0.30810717213684274407
0.34682658574981539701
0.38113904351150074135
0.42571644306125649981
0.4335614254123500988
0.44840585336332244859
0.45253680727466544242
0.4622046221663253518
0.46987127905257403127
0.47781346151779297005
0.48210848020828139804
0.48743554656147802806
0.49294209367334068661
0.49724847279221578988
8.9402427984457331325e-05
0.30086816000728294762
9.3025614738933461579e-05
0.38198366173274145297
0.00026958084281346079026
0.44186907434920130733
0.00064272673695425384596
0.34191529113642127324
0.00070753259377122400351
0.22493700480523551311
0.00085104842380147554919
0.013160946707760412533
0.00086911135583450400011
0.07892178307370538437
0.00089728196761613488504
0.19075529721583484033
0.00092489948530986572199
0.039385162378082649859
0.00096058346535221508355
0.26102280937322958065
0.00096655711035330347646
0.024542741516087138165
0.00097377725460012342501
0.10305127043079805038
0.00097452316497047622446
0.12980499702885636704
0.00098209055960560460996
0.48079195114044492865
0.0010100322860099669123
0.15903629578202146955
0.0010741847128939378386
0.057561186972411221285
0.0010870004052583204669
0.0053382097232437990611
0.001736992719862261083
0.41224866212543143096
0.0027035513222093150026
0.3300745019465342045
0.0027802712604068856826
0.29525340656802662176
0.0032758374828984939547
0.3715665957094452243
0.0036640138567007513905
0.45238416083158755621
0.0040039589803250079728
0.22318067034630448275
0.0045317012637336416547
0.013609669241044180729
0.0046922139091273252706
0.07780829989970700078
0.0047482819931077184863
0.18945087143685421238
0.0048903136022681141515
0.25703084305881068738
0.0049346251359299458938
0.03958452832772114266
0.0050068418824128942124
0.025068873988879521869
0.0050637188687364907691
0.10145069437643747245
0.0051439250871211823768
0.12821667337445197266
0.0052962411380617384002
0.15759464315266552559
0.0056517492797026761334
0.057068487673516118952
0.0070061275537879625502
0.41164141899384260048
0.00792839784755756255
0.33139933229065848819
0.0085047506573912336203
0.29046709717165614117
0.010166219755002849079
0.37094666401173925774
0.010366147582673315014
0.45447812502966083992
0.010603731750275640147
0.014083969095232934388
0.010617423692454233675
0.21809344023075197261
0.01091901432591522482
0.25264220288973177064
0.011807705108229015964
0.18440694962110865118
0.011887057517586030811
0.077077423762641220084
0.011921929833972061061
0.024304748364444794806
0.012262514127668598315
0.10053081197669005986
0.012348622734329916389
0.038521297765401557589
0.012605982004319704268
0.12589556435282237001
0.012983528538140266112
0.15330903279954305463
0.013605827861771477988
0.056031750380784194066
0.015601166718739446077
0.41278491436784769952
0.015747589702924003063
0.2962649534915536842
0.017563701375333914262
0.33255238730502545419
0.018416881959758223813
0.25771190848659952799
0.019795498728694616714
0.021709264274127074157
0.02010479414943924098
0.37285989063541807864
0.020306708674152448846
0.22042195043534398846
0.021251374195018411101
0.44924850724012338476
0.021647035187386295951
0.18878179505146464034
0.022400262881704269269
0.094294674790656757279
0.022468516623890960604
0.16568590247439668461
0.022607983287639309838
0.071692133559296197798
0.023022272567903248608
0.033628527767177125718
0.023067633702900127574
0.12019619337602710507
0.023808955273001104064
0.048721378203561808984
0.024350918862135851467
0.14610705270006268952
0.025072347125231195242
0.28573870166335285647
0.028225712164322923348
0.40611530864976475019
0.029090814038231927602
0.057340747161804109244
0.030070108957385575238
0.31595825874845151482
0.030122294367984660951
0.24320005480974626888
0.030535042780379918759
0.34970558209043078879
0.033966169921046729385
0.2069026334496354147
0.033990755868777366988
0.27320596178535955234
0.035048424610229562959
0.17424734137855013572
0.035193845704637169436
0.28953614768814378566
0.035247144157019058563
0.44236833645759066069
0.035416841476856419924
0.099020112799296317041
0.036308643484170344262
0.3737650600724894967
0.036678201321691625281
0.076762423997623618899
0.037312866564578266171
0.12227212192745261221
0.037805244885429530044
0.03793536824551312775
0.038438389311536820536
0.14625976095834453128
0.040667774400518323652
0.055928854190323028239
0.043920124161223969561
0.29464698711085868243
0.044079708447726448362
0.25820688508577227527
0.044379810900057735379
0.40563171108714513036
0.046013303840257084587
0.22674808505607305098
0.046333421990287733394
0.33001031283274995243
0.049571552560593007408
0.26365023436398576928
0.050389214356458211785
0.18794370005976934745
0.050815897179022732899
0.36572257619479275892
0.051541109429309638068
0.099438479071688665178
0.052389618272484395067
0.44360843901490826235
0.052766764725512074752
0.15664776296293375646
0.053867336669698714924
0.076537524798536440973
0.055188784901759643797
0.12515365105509612675
0.056425139633068090161
0.40518494812190786192
0.060142833677039084228
0.21244044177626983383
0.061530291546115160883
0.2895311482274131043
0.062418702257850920689
0.2500370947341787331
0.065780708630183787333
0.32618763877232714865
0.068210800770059670795
0.36543728853637474918
0.069325672487196329796
0.40338546053332258179
0.069378352973018989069
0.14754463731917319413
0.070611363946767910504
0.097433588569283441361
0.070884405871519784448
0.17806770856715833928
0.072823084967559847946
0.43362045819981276384
0.074174096313968637673
0.2136595507015258133
0.076643402042757449721
0.12063645570585558586
0.08100806950431954645
0.27472449658664854777
0.082966417346415369249
0.24253422323587064957
0.085395225859624307452
0.30604358539367709779
0.088284933029589757192
0.34123446259796214042
0.088478356342425429348
0.14866006148471139214
0.08864299340787946957
0.3814466508226869168
0.091048105052375372104
0.18451474253139510395
0.093413326819832914749
0.41609895458599838181
0.096274727884123834087
0.21231773040271473274
0.099687805397074127911
0.12043395431482868674
0.10385348094450258527
0.24709935615290753996
0.10402397082737110945
0.2797487499302400149
0.10478878787580142573
0.16114513865482574251
0.10990670046050704523
0.31129885716924327044
0.11032712880902567631
0.35339761530593344352
0.11546604371931687427
0.38671502047951789027
0.11724671738055808534
0.13542735187567253585
0.11801152917852505975
0.2189574499648381245
0.11861979086325065424
0.42096209052922095584
0.11872441774848556395
0.18568232253903926843
0.11900803702798970485
0.26044207641145000753
0.12542743112512028114
0.32629884345800591605
0.12927820445093327062
0.15683814457363465245
0.13200198590828349232
0.28072283012392645896
0.13670086126901107026
0.24036305446789735241
0.13991663453100111614
0.35402187006534358016
0.14232306554299781198
0.20365781206641395129
0.14399344680609349467
0.39025419351475243435
0.14436157629253390522
0.31297823497869953213
0.14549230292291556732
0.14563993512173034617
0.15009244578916383639
0.17396442148017823848
0.15243405313832814052
0.2840626537806639762
0.1613693384513650575
0.25304207472559681058
0.16557547424984186968
0.21682555968995945173
0.16899860799865917826
0.32443582187773706282
0.171006324190320802
0.35930615858809811236
0.17410495758664104593
0.18706999554092787474
0.17471333296254148992
0.3937461607785238682
0.17525145944946068921
0.28452388439973963496
0.18981644684972343029
0.22457885896129495262
0.19186000792720153685
0.24519391670550069739
0.20063044783516351122
0.30417033012936089964
0.20226301238099195223
0.34095340872182927638
0.20497569712640120732
0.37823671822794935338
0.20675903622432609263
0.26570229876966805493
0.2335155184132124695
0.27296944353928959126
0.23485911813206281074
0.30600620318117122132
0.23655673875157295916
0.34252230552905599259
0.26541756493773688286
0.27310922202281678883
0.27106917106895372926
0.30628764788840662225
0.27153604056808333667
0.3444565884447411408
