# Rule degree: 81
# Residual norm: 1.70036e-14
# Refined residual norm: 1.70036e-14
0 16 218
0.003527779706115008896
0.0075996748020899246995
0.020062649752051377877
0.047689582307476711953
0.11639448592659698556
0.14404290575259917628
0.16372927428316011444
0.20671888648629316299
0.24038557873736790538
0.26493600192187310993
0.29536458344902410955
0.34265278208918864555
0.36239884954072371093
0.39940910498474246904
0.46859284220708702362
0.49133651727402938292
1.8082475256253904172e-05
0.013575435785299639832
0.00023646964224932712781
0.029283008328652174179
0.00032825321563130510508
0.42473766230508569475
0.00034110958424385872615
0.045815052837347054748
0.00043123662206578320527
0.13410957632822595453
0.00047066955864876380746
0.0048136889078680255433
0.00051235013288938467593
0.10672765572951851965
0.00052623250857807620396
0.22348258465700490683
0.00065774914824831814258
0.16215722338366642119
0.0006687427235877278775
0.49951453967381309607
0.00071914747254108130157
0.2849038770166865131
0.00072225643291653715029
0.064321064147993850524
0.00072851915919656831753
0.19126751727052493379
0.00074857740366527270211
0.35178372097529003737
0.00077371336862041640084
0.084630838868656049767
0.00081459991374855018377
0.31745652076215008508
0.00083264048463758282871
0.46226642493617270402
0.00088842242914047102852
0.38800520934023841058
0.00089217436418197811239
0.00089336611076482692808
0.00091018846733919439584
0.25365867397606883804
0.0014922645366535669444
0.02064513373403945376
0.0019959622815453391224
0.0097960755928936348036
0.0021259256285523853505
0.11574196350442719772
0.0022253041466768958868
0.035307663330040997551
0.0023515126151822207494
0.21402331899269652626
0.002583433865636789676
0.42563991431220465911
0.0028308114414460319903
0.14022475002688375434
0.0029626103703683306922
0.051502515393904442498
0.0035331596698036315217
0.16591763308796278475
0.0036118606338933936621
0.49618048361387917522
0.0037091414810882746868
0.094346570622952402596
0.0039229444821108957336
0.28728802099878819609
0.0039350678241607565597
0.071892335342842020318
0.003986876477841428193
0.23170227934910733736
0.0040469149525891260494
0.18957547961605619724
0.0040656962339179480992
0.35689241849133129802
0.004182372390295694374
0.32201167270902308903
0.0043653056295097679776
0.46135346648696423655
0.0046492303179585560413
0.256856050562681959
0.0046741697787950143086
0.39250490581678343371
0.0048893714677840779612
0.01531849708507359957
0.0056379967350612750221
0.02636925123863261694
0.0058731863099957442101
0.12021923252772795387
0.0065534883760911318701
0.2047779712854091716
0.0069306946558351694224
0.21612630927077466914
0.007502460837674179879
0.040773454553537973044
0.0077373889394379983045
0.14633196935058712107
0.0077510096632928638868
0.42886289112875569662
0.0080374036911003317318
0.10293389542282983806
0.0081909136524647534194
0.058581199080424889436
0.0090324274713648698698
0.081954795369832342256
0.0092504518588686843183
0.48091748443104409549
0.0094170444480891225131
0.17262679966835473011
0.0096893199726694155538
0.29768452617544377548
0.010093740629350814869
0.36395393323033631283
0.010273388537267768086
0.33159934540885555032
0.010570866195892945905
0.016293006482484259645
0.010610625378158574164
0.23351837453625254315
0.010635588314387352596
0.26539546130528696155
0.011342279345756104553
0.39709260884550023896
0.01170654895854773142
0.19884553810853600186
0.011999642134024055343
0.4553401307434228884
0.012237395515368999083
0.12574299153253018502
0.012471839429499425797
0.027084949790410216969
0.013439338131345264851
0.10055840216742478743
0.014271189582753042099
0.071050173636261232391
0.015122140782709658433
0.038446367999101713209
0.015340837908538948464
0.15125678245118237553
0.015368831284260487877
0.052033930612346686317
0.016755164521937100652
0.42614677483925289536
0.017402581838742551407
0.22308905885709470751
0.017550832673743747142
0.3128814782961625296
0.018201078915769251104
0.2886087965402148181
0.018294309283001665423
0.36202843405041473801
0.018455145248842671352
0.17424718822480622649
0.019169222412658597915
0.25401460460289976284
0.019726703033062578663
0.33071726264629786041
0.01986166366234440317
0.20046615332278827637
0.019915515994631583646
0.13979970139206432389
0.020189617650723013648
0.087136060034666382168
0.020563808874800731247
0.26849883841147409447
0.020666594605814304908
0.11528625472980748301
0.020934897661418878922
0.39317279582454023323
0.021204713541219031431
0.45921949121018057483
0.022555975305425891853
0.22942852325496801424
0.023100365291657733863
0.064826476732425461491
0.023468860570900102608
0.032196970222059570488
0.024360577924148307805
0.28913358082275947281
0.025383162519781555383
0.047087922248016250704
0.027271441380631415707
0.4259942883511400602
0.027597064928284023577
0.34173922206400042523
0.027702449360573228043
0.35187320259373844333
0.028046478349354437426
0.13715811400295513378
0.028475439782815466921
0.16303434397024227365
0.028760942302171760981
0.10021070829905638633
0.029044924999152281486
0.30265605583266763645
0.029149755138580576985
0.28727908808643859428
0.029784768367543699996
0.19295093302282009806
0.03020310737626748579
0.26138842034242887324
0.030355744070814892621
0.47393605908060904008
0.031278551047262993789
0.32257484161606836404
0.031320957037037154558
0.37100950094566059745
0.031580542875294624616
0.22328021134237013845
0.031713957956055853493
0.077204431528340278224
0.033003574814197585152
0.39802242521567815503
0.03326238314451853556
0.24886006391533260773
0.033909936209867000412
0.11859320579459474432
0.034393120497713557115
0.30864454560075876843
0.034634275268118644431
0.44493692926812056232
0.034697221550566058335
0.039200583204706047902
0.035319802844097740457
0.056697137042690554098
0.035333839247913036152
0.34572492335688487231
0.039239348810649041233
0.09246314310752293264
0.040705329942580692482
0.28274882593439754075
0.041295526560688584905
0.14584353195008656345
0.041829883102454792909
0.17377223648128056754
0.043233093929092226981
0.20238251858353881185
0.04445852396666060552
0.41803583039527236753
0.044510528634989943164
0.12340021252329373691
0.044788579501152829543
0.068805907393491710922
0.045168584615460284637
0.31223840170598732291
0.045346399886076728392
0.46025215905505256764
0.04548637981708172906
0.34688610161268468302
0.045523954567720147091
0.24455885725266249264
0.045858742538146507473
0.22313193500446329431
0.045909827937187272506
0.3802652258428190768
0.046703300616089626907
0.10537642548646507235
0.048002801729785160578
0.26993631578623206169
0.050884449382006528839
0.084001569566546932522
0.05683978392369583299
0.062144807359232973054
0.057148020283096429006
0.15567458212471041445
0.057502418528510165774
0.18355866060856648736
0.057833650198811176191
0.12974654647809774621
0.058598630435081684731
0.1084420707387534627
0.05880744870807248087
0.21128731830660690827
0.059014247343236132803
0.43280266751794588265
0.059254763002879975997
0.29210948540082454228
0.060917476622593912106
0.3951210262872715262
0.061210338521218064789
0.32709338848714492043
0.061483506809903769319
0.262608067929459843
0.061911937242536213555
0.35972248223595160166
0.062343086364498617735
0.2362440532624867362
0.063175119223075559827
0.097974403978870874821
0.065678743552332344291
0.078065799321590148563
0.071701009642862245652
0.20925573854366158466
0.072031746208094313277
0.2978184532892299563
0.072989053355060909412
0.28727539149733483104
0.074906913045820242014
0.11537439029878519825
0.075075334374397395543
0.18609109601202347695
0.075379924735135869773
0.16253251844895283407
0.075527796100970420734
0.13857409310556406679
0.076569734418720433733
0.42322340845582928637
0.078221623141857529737
0.26462227140076827192
0.079178511992298555855
0.39087599431918262916
0.079397983622973081208
0.35592914964360056196
0.079529956430746340246
0.23662897522285922247
0.079747757669189928142
0.091879148602807922397
0.081347150274824156502
0.44524438329594046015
0.081408641191597463926
0.32183222952611617584
0.086274889366676238422
0.2115626756347980808
0.086310916204894949644
0.28571996503111646293
0.093380107316906241222
0.10813595812260191897
0.094159959436895909746
0.18459831209465316082
0.095653291830344169822
0.13172292102993446439
0.095815886520039778018
0.24604613575323072694
0.096100556802536873935
0.15747984019921584808
0.098251491355781900294
0.36617829241168664556
0.098876740061647941382
0.40251875166911293968
0.10011333576029726733
0.43162809278660130285
0.10093705379456552329
0.44906880135322357894
0.10182660990894927544
0.33130948229318907261
0.10312904432659270038
0.29663770446728171537
0.10420151438219538154
0.22049402683462171471
0.10553390234677870185
0.26281932505253569055
0.11115773915584294118
0.19570340942361186265
0.11738099532708247408
0.36914659940526783899
0.11748796553599413772
0.16882307310668365208
0.11901555595436483226
0.1417017871837217835
0.12085091280885679188
0.42151097187976094283
0.12305720627125496525
0.23283189729472700269
0.12438734405872343969
0.33793253358176122969
0.12527523046384606009
0.39014758621478001777
0.12554192096183716676
0.3035482631932149844
0.12651227114505045335
0.26956979093663785418
0.13213972652658298457
0.20024836774428811381
0.13856205442532110172
0.24556634324053103202
0.13932690424491558923
0.17086846663064772511
0.14186481136230849609
0.42724255560559742939
0.14542623275571026076
0.35538974251204225041
0.14970704256353650763
0.31721107467159320725
0.14985487932219487828
0.39137753350686432796
0.15062315222962677219
0.21874596444208652124
0.15097673356470761585
0.28198594419838229896
0.15601633781849869043
0.24928331302561126948
0.1595068906846219825
0.18863558490349233154
0.16835932499629627235
0.41474641983873528073
0.171864099003381815
0.357289808328522418
0.17369302769843864009
0.32615529011698984885
0.1747507053842828062
0.21144084568643461974
0.1770378408113245372
0.2911643940565665778
0.17980349788604080286
0.38170521170900950647
0.18066046244913905316
0.25963828453396731177
0.18133516608573085893
0.2303204720433747188
0.18613109351163542593
0.18782157726094825256
0.19795102020440522028
0.37345898879254568747
0.20111146712255772995
0.33753335363454584073
0.20157305437240019552
0.30373326977950798611
0.20845819978693977403
0.2696346505690905837
0.20944384832589652001
0.23725059274975821011
0.21048296468530885983
0.36182845719766160153
0.22929699430337888155
0.30483832026030216467
0.2314692015003989578
0.36949613987442869734
0.2353313730900395695
0.3324769732775282316
0.23627256746583610858
0.27342823902630397637
0.25467581568944502868
0.3553348669534365234
0.26261605221375317054
0.29590098441433820842
0.26702305048692998035
0.32689421712654515018
0.29742488190359617217
0.32771033039250563323
