# Rule degree: 81
# Residual norm: 1.80324e-14
# Refined residual norm: 1.80324e-14
0 21 200
0.039937085968319456508
0.059938907712014870277
0.081471832871813684718
0.10084954150543541662
0.12023792050518691821
0.12602669375248415351
0.13552538162424551671
0.16341201009649675147
0.18587599345645178239
0.20385192945235747208
0.2346284194081982577
0.27471708199590538779
0.30766673333203808927
0.32336624516083006808
0.34812736728048987445
0.37326609233069735216
0.38319233969499272296
0.39697328156003935939
0.40872729614081815264
0.44780161264827372802
0.47847744177696782675
0.00026844410096120923477
0.17076517599400067859
0.00027222235659337551145
0.0070890209790653449864
0.00031838301465634253652
0.0015826576267475216207
0.00052465797299795975152
0.036687918316859489953
0.00052711251814567831788
0.23163173079665025367
0.00054868139657135981714
0.36899758910542596047
0.00057618748052212375062
0.022562683979221797442
0.00057689145704861689249
0.1419538454341479905
0.00062014824273841915366
0.26650390061614365189
0.00065408107908368582229
0.33182923985952006429
0.00077525313308197778273
0.071068094554569610777
0.00077790901672562828319
0.4802958149922740283
0.00079767522388896842239
0.40537201827342245197
0.00079896390141383775204
0.092231395377293592941
0.00080602718303181177927
0.44216290610345743151
0.00081452671114640889157
0.052770313939585644647
0.0008543092548232982409
0.11587425191906501609
0.00086635630805665915857
0.19913962353880104716
0.00089139289298971035452
0.29879259090200738225
0.0010658301693590944894
0.01335070121261938518
0.0017818411798010220983
0.0043241637718682626734
0.0021907622825548633654
0.16706577238487235748
0.0026292687701523235685
0.028241749710750725655
0.0028973759522404672444
0.25165314218154949399
0.0029010362491408382343
0.34944311869790967151
0.0033386919878653107882
0.13972067577611810285
0.0034653597224349745771
0.22095332031781256266
0.0035407816475620311307
0.041571524387015702795
0.0035617517429374174684
0.38246006313654407061
0.0040324683212456663428
0.076250014325436224483
0.0040781794892089046414
0.49792472136917648173
0.0041425838297831710233
0.45896416463361222604
0.0042224298731303941401
0.0086621052700036199612
0.0042354409677066266748
0.28210269372108626174
0.0042578170854169882648
0.31716791793435766822
0.0042846615172560239757
0.09643147349428128623
0.0042877677780876703034
0.42039135738376587348
0.0043247443031762707044
0.058316386496538231976
0.0045097512642000821617
0.11720736945611132107
0.0046046615011515580965
0.18956278320433264661
0.0046100483048135297223
0.018288096320839410808
0.0070272896820778307791
0.1583528472685075128
0.0074234347896492310082
0.30360986108876614198
0.0076581014548349705257
0.029888620312381503769
0.0078489565038373128314
0.24719502060144935007
0.0080256978217201693782
0.34974198078472812368
0.0087212847788456088205
0.38668912999083826509
0.0090039824630138258488
0.21419358561098642002
0.0091195986828869358282
0.012518432588449467449
0.0093332997727009099631
0.044923910409878961558
0.0095853831728597935907
0.13117000209794213439
0.0099163137798447664045
0.081800985012058902157
0.01003123729251869517
0.4767389806209912928
0.010134721768722643881
0.44239870916771922849
0.010205409020548042789
0.27846500902532239641
0.010559155328525939715
0.062583473973848807725
0.010762227583193305358
0.3123715899336972357
0.010853659967038950529
0.41489872921996490129
0.010897934624970878614
0.18228646976134521562
0.010929606861707302431
0.10445657902553466545
0.012249690318599988983
0.020229210288006230917
0.014810268118801345194
0.15338535683545984067
0.015228730281515584499
0.24322187983154330837
0.015353447136125100009
0.37530617536891891506
0.015705073486904596453
0.033190697930479323707
0.015952868653863579856
0.341502678194235465
0.016664665298153885642
0.21506362602122278127
0.017168988397413140201
0.19374029680251050878
0.017524319364680504552
0.12383170652798812517
0.017925977847623342232
0.27433461327701635923
0.018007531393546431786
0.048822963271207810154
0.018450815407241191041
0.48994247903710530512
0.018487395785494929734
0.085451067822542553509
0.018557214212618099169
0.45132572281831540018
0.019081860373440007184
0.22502774723669866086
0.019143151274848169141
0.41059992848127441212
0.019428464701026687544
0.066601323508836143827
0.02020436159599532655
0.30580511823489670009
0.020742875383977468773
0.17296921129290737662
0.021378659250181491353
0.10454301719608591337
0.021796240088322309247
0.022124213804835535235
0.022917778290863971558
0.13999827167310999187
0.024423935438305309498
0.37357680803534609737
0.024672669133766533811
0.24615087922471526327
0.025350660008219991215
0.21341805972318539375
0.026084315130149120926
0.034634058789602524542
0.026189854016606183701
0.19651732691502046824
0.02634669465243280953
0.33740387163088497724
0.02668049445181545215
0.2313474742274272411
0.026680494505117280379
0.22101348035385093294
0.028527165106076803752
0.42953092001091325303
0.028601194444900331776
0.27411841072457460156
0.028759605910237302784
0.048166807229719298122
0.029211756025088148753
0.46737948530785677903
0.029273755039205345829
0.15665135491830411985
0.029853984465320160951
0.18509299893692565675
0.030443589980044934162
0.063460646154650190987
0.030524339407399209145
0.082534382537589698337
0.030840437800538300639
0.12447914427098241696
0.032238156999885463072
0.39727880375981255989
0.032997685538248472392
0.10304324245762996881
0.033012875012429755694
0.30292425858618043932
0.036349233209668367628
0.25888894241261406481
0.036713479819317974828
0.21297073878971725658
0.036776618231703341044
0.36119240240646471873
0.03679376556299802925
0.23604523819900630199
0.036906784433802804213
0.17965503834110096992
0.038747748776243165492
0.44381446850241912383
0.039233949625935744809
0.33077188697936327211
0.040260669913497963701
0.14246818219541174111
0.040821910748759925036
0.20096720311208010612
0.041776432219541477509
0.16816592544100381068
0.043206036656547354424
0.055717864054472217294
0.043937670252780149094
0.41466645615739411435
0.044662592544977362807
0.27314619889449959222
0.044689427596378790419
0.074094999377709608313
0.046112682798337474577
0.094743489374722350549
0.046324912696512683674
0.11891991844818400326
0.047222800282254139004
0.381947778166596974
0.048895761866097807447
0.30073200621430090651
0.049098778795964546917
0.2380426309989400746
0.049422748290107884617
0.32797859783112814913
0.052364856912082514973
0.20702962553944043167
0.052779317082970296504
0.44332732824159193363
0.053293052444212056507
0.35155045966606945917
0.054071935700854591167
0.14855086948076212661
0.054252773003204315949
0.17782802162821284564
0.060160382601417268511
0.40387710522612102482
0.060852533094887535647
0.26123689501529206991
0.062130918121064235282
0.07942437654449306661
0.062392914736483097438
0.10172813274981354348
0.062505707703830959421
0.12588355738898665548
0.062784177733953408507
0.46693241432538323821
0.06369464631094777507
0.22873383754839135551
0.064630162226637075107
0.3247718951466461168
0.064966813675304657671
0.29222152534166251359
0.066567162008644931159
0.3678485109742768433
0.068425931071489518032
0.20222759407141255306
0.070258367164958410167
0.15419507595285919521
0.070599210600058318055
0.42817517536791355193
0.071388030116034478789
0.1784974426870065134
0.078686986346913082024
0.23602460107974376768
0.079339234987510429131
0.33686567554100654842
0.079765907053933327031
0.13114441003884177994
0.080048801972847263841
0.10094958358856291614
0.080790464122252478307
0.26618535770489637482
0.081046189022242171029
0.39016106857485899351
0.082459052585245815048
0.11638627458215967947
0.082767290412916361131
0.44670194160579035358
0.08408553971029480989
0.30030040522702577954
0.085474545988932032481
0.2064196424689640208
0.090302899470236841495
0.35759935558761812846
0.090352179404757856918
0.14959938502577710406
0.090422371735500634005
0.17619257901432874847
0.092396779859205246943
0.41493716231601490696
0.099690683416351635882
0.2365555110344995382
0.10011291522446920388
0.31898940659414687371
0.10156007140050710147
0.26993485872671874048
0.10283207090672726036
0.20557650401979635224
0.10296252122569272969
0.12464255687430783603
0.10643454507812856458
0.37863095922778733371
0.11032396750540224284
0.29338611453782098559
0.11103840832009440054
0.34187188342437502264
0.11167638890804609808
0.15108479924956871865
0.11182338252955445479
0.41287625740176314704
0.1128503228456915336
0.17938146497171997273
0.12217010839847755599
0.21215321888701660358
0.12258600837775868175
0.24510501068775311651
0.12895588165750293541
0.31104352682808633634
0.12956230477493438369
0.2745226241817897983
0.13020529105315500895
0.38261024996341141957
0.13085110717595230256
0.41945615189346174834
0.13185392185413183364
0.34838791883165010077
0.13593103895080710375
0.15803924071535677132
0.13714540095172841894
0.18580868008197670704
0.14517942918031365163
0.22019327292063903267
0.15095879162848113708
0.24905998374864304901
0.15308630014397642261
0.3854000615838113486
0.15362367858804928944
0.28382597234745760018
0.15419027866102674729
0.31879703696281325165
0.15667068931777697327
0.40879676907469458813
0.15794116505007463336
0.35254242079187164682
0.16027120824676688304
0.19385867793498554046
0.17490347431053462901
0.22019419214534791118
0.17758132941477275391
0.25299982827608014091
0.18094107419499319556
0.2834103532711799156
0.1813022834291209695
0.31050839170665051059
0.18214068665888882848
0.37264434500725990285
0.18493958693235540425
0.33717476865646411888
0.20415263793294494143
0.23326814849318772138
0.20793405959617455858
0.26519141402753027004
0.21168008046227687613
0.29882215715710241932
0.21217410212490350752
0.33514875315827280522
0.21248643197168437524
0.36774713934541952698
0.23808653562930209846
0.26502415677257534776
0.24110308532659865954
0.30856701135988723328
0.24392379435155553402
0.34227499102941161269
0.24701910164661949887
0.28007851962823820946
0.27423780890491039619
0.30789702667500157274
0.27717600489095484129
0.34173809405767080483
