# Rule degree: 91
# Residual norm: 1.95316e-14
# Refined residual norm: 1.95316e-14
0 8 268
0.0031203972535085761249
0.0089329545654155406709
0.16948312730719017338
0.28488366366236356209
0.30107239052704865001
0.31414539087362225445
0.34263031677431365907
0.4760784746003735024
1.9661522704845976604e-05
0.3105774129254949556
6.5782380760936263867e-05
0.31990880020405310091
0.00015268902755758895673
0.19648541785824127914
0.00020520006951529822198
0.066171122827648962139
0.0003118966600841512754
0.037819125650681149897
0.00032655378731320420333
0.10362229269485945249
0.00042138225989865168422
0.27184719785044053619
0.00047100405896235032072
0.0010206717734073755908
0.00047104618248174990117
0.01683564975722025292
0.0005085563620720656491
0.28883477736691443027
0.00054568151138057786626
0.14717336125475910524
0.00056649111318255286965
0.49849170922845825737
0.00059880889514510977304
0.37707752815977274574
0.00061005144970603566567
0.44446227923118458714
0.00062033451361419669236
0.41057684677917111182
0.00062941872376976056545
0.0039360317764649231653
0.00063357696956595763779
0.22368534039029133731
0.00065989421649672750855
0.4762650797784418466
0.00067380228462406079482
0.0091756606618188085028
0.00067808195933662259412
0.026378847453116624489
0.00071553472466982369782
0.34480711297241289914
0.0007213198951680647791
0.25036674286288446156
0.0007483121344045446776
0.17127384125462261077
0.00076101046710517507559
0.12461366796730208306
0.00078057469235591524573
0.083967018835939308263
0.00082282437574500791062
0.050879971248455224675
0.0019087081473260320789
0.31419645689638431296
0.001992114896692030214
0.19765593723982660679
0.0022911660910646465712
0.066657460295688253371
0.0023457133398113597447
0.28312203422322262947
0.0024870219439319242276
0.10313627053196357253
0.0025310637936101459781
0.036939094831299007504
0.0027093144476194072449
0.015345749723679155338
0.0030799825220445562271
0.02414376387645962227
0.0031172296286266780625
0.1473934323751579234
0.0031891070024103285001
0.37074190321710553953
0.0032134802350507725779
0.43013419201223385135
0.0032252706319588317525
0.39826562087426814474
0.003273708584823241223
0.4945701987270789135
0.0033482314868558725809
0.46315333061149172034
0.0034218844601756038225
0.22494544016546835774
0.0035282527312270688634
0.25419254820039915987
0.0036282241328932283118
0.0080162100873488097846
0.0038029221743425866212
0.34337967677976510839
0.0038375604723985914414
0.17238169309890985503
0.0038901941458993590309
0.12421875149142226624
0.0041479938574707957491
0.05089338257650604519
0.0041772367274904983678
0.084045583407300561429
0.0059958267890348072165
0.027052284489948036361
0.0060554435336867412643
0.28387971713468723722
0.0061318886760817342685
0.31270027772210035044
0.0062559773198187819399
0.19844010225185140794
0.0067685343065879517363
0.015480424372526691359
0.0070134948725988398646
0.066308407710024358517
0.0073291163252733005848
0.10374288102922891996
0.007374006275085544411
0.037893780999963093403
0.0075773959276066154417
0.22808743984782295366
0.0076792367620606332215
0.40893643519798567043
0.0079768218833354883474
0.37434911563133632662
0.00800107450904344146
0.14843341135423573918
0.0080996546277828634225
0.47831326760830283895
0.0081042309271059358861
0.44280609940920345746
0.0085268212344336881403
0.26534172229475561089
0.0086623170015345113404
0.25281824852897077927
0.0090563678295184271011
0.34159921599728265695
0.0090757307185446445263
0.12666768934383387801
0.0091407000721472585203
0.17183589264242676853
0.0099869719328610738474
0.084005688136296441382
0.010029658554084877262
0.021748831801828672622
0.010132540556581848962
0.05095800066783601201
0.010736753082836447692
0.22027328501906903724
0.012075749517126643795
0.28154388932227170095
0.012125238220550279417
0.19421728666728693691
0.012574654503997653721
0.31042137251958035193
0.012583478986069766142
0.03049835976419693756
0.01273618536557408025
0.39868598943844391069
0.012883296594771368251
0.2909466407876470373
0.013478077140294433822
0.11364104153835710709
0.014016969496078380414
0.066890004011523854222
0.01449434477282505844
0.014495791439584676877
0.014898121400614222631
0.42424228662643953536
0.014935625231750857336
0.45806440719231827918
0.015035220923640209637
0.49171487719258261118
0.015037928399397115092
0.35899781204138403456
0.015145120144640630833
0.24687966797756355497
0.015274664408565400558
0.14764731373687681182
0.015347217819986705076
0.099119954136186128046
0.015638304919105189966
0.040105933898103560131
0.015760673653968285124
0.38416676977741748278
0.016492570744488680573
0.17137603826765260284
0.01671227962815845583
0.20148469322882109345
0.016808137129726244408
0.33226385619349335654
0.017125314261997186954
0.12696960496496939585
0.017476820369950189088
0.22575499936056522832
0.017784306535916751674
0.023692070014676436251
0.018121650307978257044
0.26641879715272087648
0.018159118181391490504
0.081289622380030096549
0.018208153201956435441
0.054242144896240691854
0.020878393887065145595
0.29441878956528833022
0.021780707639010837146
0.40331306142693146288
0.021940157919305414841
0.32498478001595526576
0.022435035508550894845
0.24479040534995150091
0.022484661812584291057
0.27066034148094292311
0.022707905468079422895
0.25411834727435977932
0.023493526273423027961
0.35310265502699150764
0.023557818480943740896
0.031677703798287756842
0.023572511463228477263
0.31882595083339826392
0.023644990022517641676
0.43816498834718392574
0.023943139460023077358
0.18660024816564632633
0.023961236693712265056
0.47119665674839938951
0.023982157063797436558
0.11135162273115734033
0.02405044842179475395
0.070399612069857259167
0.024915501584766006071
0.044398083945355729107
0.024982378285124316047
0.15815257553147196723
0.025212858782733753998
0.37731499436838972228
0.025283640692415516871
0.091909431898296437002
0.025502784021543194876
0.21361890631562635567
0.025698955159594746162
0.13584640859917529454
0.026226052567195051041
0.40989464658572261069
0.026367977435216970877
0.24316203255342877521
0.026826165576395232665
0.059649970270174067222
0.026900298269968578313
0.27153086314405250334
0.030377010237664921893
0.33594487519863275304
0.031471714330635607026
0.18553728554573542531
0.03298441496733418854
0.30169868185363979407
0.03341235889111145857
0.078749610442041845237
0.033770327496916947851
0.27314343420895248471
0.033853444601306209583
0.037039128860506247143
0.033931420715667376387
0.17071138372781990977
0.034401755121473205634
0.12060087514830340749
0.034497947668075470973
0.049705583833595655407
0.03455575421400516184
0.45417177132989705601
0.034831415536291036872
0.42702336880820729315
0.035083954140302117675
0.48143389415053533531
0.035344165794445742135
0.39610807100128159197
0.035498289696132480364
0.19615976686294522846
0.035779649401807667175
0.36439988236694642598
0.035931964008770113372
0.22340637771167126679
0.036235883373957299136
0.09970650385255706849
0.037789901284820355543
0.14507188445737287386
0.038310352675610233331
0.062889821593628936203
0.039178641360837873631
0.24883397439064228185
0.0398360813632237451
0.32928630600731595424
0.045064135011370513861
0.27977625091367708254
0.045458857853177325747
0.1226277395278142085
0.045835782889785472993
0.1679038890453903865
0.046053898266886432455
0.046143497340184851108
0.046054902773787841086
0.085366605714912474623
0.046354701766166003796
0.3507867991094006932
0.047037292892931258093
0.21669259096036927459
0.047053162495536531018
0.30691067482486555917
0.047250644725998304507
0.07283086309086374277
0.047328520108047125725
0.44638005786385070994
0.047469081811099426982
0.41452100593448670818
0.048181401070520095409
0.38230409590021546817
0.048257175855783263074
0.19066592020779796202
0.050126251907727605028
0.10485016336042726759
0.051112436401389182983
0.0600017675715081647
0.051398110760040097156
0.25553741770982124626
0.052877925621135815626
0.13381854787783631355
0.053247143893682055693
0.15118771159006033633
0.053869861660119935931
0.23481670585097916271
0.054944357960266455854
0.33361236448769676644
0.056964164492678076579
0.20365698548196017881
0.057222789889971141519
0.36213843678691620687
0.058085227188170690527
0.27340088435994142069
0.060495903879583895479
0.089724121398552833528
0.060921007526917328456
0.07192651855206548539
0.060984968382752274829
0.29956680911061833728
0.061345297380000302079
0.17435639166246344467
0.061710278531419027193
0.32108260184272297
0.061818639531233343654
0.43442481910585045712
0.061933919604771216216
0.40130756717401783185
0.062126663728908848583
0.46576392137828304119
0.062945872272286318427
0.11669180833098498351
0.06320396960882164461
0.2163123959013992792
0.065527617991319911384
0.19747740415647802026
0.065802119761857721936
0.27581917393469385091
0.066646725382066007715
0.37366282877816597852
0.066757999985822977229
0.24825790675244166494
0.06841602132992799512
0.15374723853764973858
0.069672826621531319669
0.13373337868864745848
0.069745242088885328613
0.10249147605880518097
0.07013504379015109147
0.34362966293716223909
0.072925946459827722945
0.22374581104113389074
0.074411619851271523784
0.082127654699002183847
0.075575332097693292965
0.31312441366706084134
0.076075335328403465018
0.1833914287966156853
0.077773761712777500499
0.44384796628371780969
0.078064706924792046094
0.40973325528665255346
0.080068098943947688118
0.2831297377517135172
0.08094113658604823458
0.25390080003794934793
0.081730538930114629559
0.37634699724046183356
0.082864848736798252249
0.16448676064342182546
0.083797192836349190803
0.09690462365623085661
0.08400250299083122929
0.11784221211300173471
0.084567268982154664148
0.19968560503472140844
0.086602140530308832633
0.34379693543020289903
0.087453056171540782815
0.14113433528673388628
0.090202251359684543219
0.22623050874853381509
0.09279455566394896604
0.31233505036732162052
0.094369570000767011297
0.43705578208130946294
0.096384488032248263889
0.40510690549229688706
0.098612954485686132866
0.17517491952604316574
0.098637878329269443323
0.25374488314869103611
0.099166318061056024646
0.28228453276777498715
0.10028466851147417593
0.37298608415997697163
0.10259182440613213994
0.10261013392526514842
0.10427460012025753511
0.12397085532999425894
0.10439536651337942563
0.19951917388793816155
0.10536061489936461577
0.15040215083706479082
0.10541420103936691155
0.34171666713567305784
0.11078574773333334236
0.22560202231429907216
0.11122495479896356285
0.43323605560433608996
0.11204826467151364489
0.3114194709109975312
0.11567438018708423031
0.40677326573316480163
0.1192770841051146169
0.25268817827782041885
0.11942290036759233007
0.37648716736144327566
0.11975375041226060668
0.28161067507640263896
0.12014477175984712709
0.17261879141759345346
0.12080550599678560597
0.13096917878832275983
0.12495588099885304723
0.34466322436172031063
0.12617984182322949938
0.19773349264819248261
0.12805032677547356634
0.14875379436818458867
0.12956859001950071786
0.43138233030499711917
0.13238722615906070579
0.3127623940918748402
0.13335812035339533743
0.22381060247716172418
0.13657029449211058325
0.4021383531623736185
0.14130359401238110073
0.28149686195970380354
0.14147179728408756927
0.37004373938085854956
0.14184208382380086855
0.2515876185628968531
0.14378924054804276267
0.17233805719842337778
0.14794845223774541476
0.33842221870187266797
0.1494286772909792782
0.14949348168237361345
0.15005585640978888473
0.19659263388167183551
0.15258478262805552639
0.42156826144789255606
0.15584493223634313108
0.30777415750672953987
0.15735095503857682298
0.22309142542877746784
0.15970909500143842807
0.38892421178892216949
0.16446443964178014685
0.27915412269459360939
0.16551604044400813898
0.25214704735141402203
0.16653052898472631149
0.35721443443287459463
0.17389782160067188133
0.32650181301204633799
0.17394968864271140307
0.19543603197484207823
0.17813342219241598552
0.39800858633192504055
0.17919690089690001877
0.22632598573454792978
0.18252484538116020563
0.29695522058108392294
0.18784860998512958874
0.36539734715328953119
0.18880956817468824704
0.26782358532691064035
0.19088751549303184518
0.20706017283306415999
0.19309633969474448989
0.24328504582289584013
0.19628665931543451406
0.33337547440977932656
0.20397123679199108404
0.38390551417035956305
0.20509389776955899709
0.30245373604329056638
0.20792743576019923069
0.22110670601393891954
0.21151553066339398579
0.27208050718576554106
0.21632630482622014489
0.3494563904356958739
0.21997068363986921335
0.24237752755829022888
0.22610398443855617145
0.31708712715324133269
0.23104546955524102314
0.37032543200481826684
0.23340665317479081242
0.28575327253541876749
0.23935973603037474788
0.25712293449781298271
0.2458702576979962251
0.33513787007408274432
0.25559511913112242798
0.30214197523533120604
0.25909088332254448517
0.35655629366295815696
0.25922108062942472717
0.27352537543234828332
0.27557458230778164587
0.31948281643645010108
0.28713571565273615649
0.34162668321721084697
