# Rule degree: 91
# Residual norm: 2.07551e-14
# Refined residual norm: 2.07551e-14
1 2 283
0.3471326262402601448
0.41777880110763637722
8.1111998640132000371e-06
0.16711372229815246726
0.0001136925159341072944
0.41279776935229445245
0.00014390152971438616852
0.032720817820069740545
0.00021065422968064218727
0.044566413903428664378
0.00030276127358195447812
0.0038618916306238024183
0.00033390915712201344303
0.3457221422873449912
0.00036660219443025683162
0.016710255444662112934
0.00046376840061270466686
0.2830264871368586288
0.00047762258389252105952
0.19316057369921491027
0.00048085707880118487741
0.066126748708429550216
0.00053885627312390607917
0.31505048046354222624
0.00055637117419059169566
0.22170691575111436955
0.00057202436039102916385
0.37698957573019470368
0.0005729823426419633969
0.12437081050370531188
0.00057693713653991427186
0.10330025947299127653
0.00059575531620131242511
0.00088257568643329467172
0.00062374205574504892283
0.14570165146209670959
0.00064899414238736834876
0.48232995097493563952
0.00066057860788649438652
0.25171308934536884561
0.00066797813642379300515
0.44783038487448706411
0.00069575701874491997691
0.083634080075176323033
0.00074818891369261885174
0.0092151617491851803982
0.0009821037569492309556
0.052423950566061514045
0.00099540794296218339937
0.024724332634743630827
0.0017184735863225233943
0.16999608973018745517
0.0017719910928861814896
0.39119692292501295761
0.0019434635578160523381
0.0038303131734392491942
0.0020022923309856465769
0.037510581057092567958
0.0020893539521838503867
0.41723112471662771039
0.0021687077470631762645
0.34639146196894288199
0.0021868683509738552455
0.30891118454810828631
0.0024413234517324479064
0.28036996392835966674
0.0025898193981054818888
0.19917306688417024674
0.0028248130374064262839
0.015437456352031508552
0.0029675574757881441335
0.12154339000688219041
0.0029978430877936009837
0.067125146619032988182
0.0030549442659275017828
0.14542995087381552222
0.0030769771248317706255
0.22763578726895153381
0.0031661880651127952656
0.1011362130385992375
0.0034135797196505560797
0.4824463936773822903
0.0035100166232673638521
0.25527232589728598988
0.0035124608830595714475
0.4509746771707973112
0.0035518622833835204571
0.083414332330160198548
0.0038049505445351939313
0.37293824298346911483
0.0038202474246309633434
0.32175774072443491525
0.0039435954527550030196
0.0077830295017523075732
0.0040200926762187583555
0.02608022837525928242
0.0040916864924860456287
0.050787838270982134381
0.0051388207469346500883
0.29011549565242450432
0.0052460307717116958989
0.17586512745454668805
0.0061251204022549363484
0.39680071830054836068
0.006240649875769563662
0.42575250192174907138
0.0065661102096529200267
0.036956282696519494879
0.0066441822504416042997
0.20245204720938309029
0.0068221056337169254727
0.34639257190265693165
0.006913382664572355514
0.15361435958725203066
0.0069720035382758119985
0.12776367212709444088
0.0070272346318923121708
0.35954228014342420883
0.0071824190345940132005
0.01915435762006388945
0.0072716602167178087321
0.31774855650852240618
0.0076653796094763972449
0.2288868966695299656
0.0077852053515899410918
0.011781698057582825831
0.007835898067717549445
0.10478879338138953614
0.0079210584637840232569
0.25868380309137228856
0.0079212795780389099604
0.064860593562810930912
0.0081663055368251004362
0.083534675813058956173
0.0083358963872233911296
0.48901726998138811409
0.0085406503717433239486
0.46194257443817321462
0.009045720198003849577
0.22136213690992243008
0.0093627285295923672048
0.28581783425063828075
0.0097174455295938808042
0.048984884656298403882
0.010405189540145572819
0.027448790365070450253
0.010481356177549187858
0.37259274955267163154
0.01078364439436171017
0.43376557699188211803
0.010824606276092565982
0.18089763165554176294
0.012010609748425578672
0.13945514607041450961
0.012126843326096162223
0.31249844635903201162
0.012352937889063412766
0.16046274949621813777
0.012639443214975650334
0.40258847963571742223
0.012700535220455569374
0.23828078968218130429
0.013023617235795830263
0.11834734065412363946
0.013128803727452223113
0.017384785339683003769
0.013185390181749079286
0.20647380560536884864
0.013493190593776238639
0.33998417626021776305
0.014455366343222537939
0.092632877846808153732
0.014658524954323322656
0.037970694373319416326
0.014842159122503313651
0.072503640512951522679
0.015040245367644809391
0.2637588345703881787
0.015496361214691181662
0.16008942714005125474
0.015519263077082274746
0.47838070270070698342
0.015713531921712924067
0.056175603301601324813
0.016093953619110153153
0.2320225174302562865
0.016218576990869225385
0.10661998570102322603
0.016503304595615560235
0.45198485838435398243
0.016571064684657518112
0.29016634954421138826
0.017385194891564991621
0.42575612793780592824
0.017683814089039288919
0.36907902226558497727
0.018159773806057787071
0.025031055179810014072
0.01914796959062776624
0.13578253034398546362
0.019198737647956320984
0.18349501871229761951
0.01944981875023918047
0.11470562206584805631
0.019486377490399289791
0.20628799466104133509
0.020475960785984521906
0.2227648312426236954
0.020700714962211274467
0.39435769763830824663
0.020872635166852962496
0.31455064545951888499
0.020928426279405640958
0.34286771762364787186
0.021894979943484785267
0.24805419151594645943
0.022215599848963096807
0.15695573870026871544
0.022236516582133849379
0.046338326969014742573
0.022300944869412309135
0.20717192915997056923
0.022727317479473162914
0.082102197632711468311
0.023498968560778089182
0.1319548127632851342
0.024241454091137086546
0.25748879998271878566
0.024494041380408306668
0.032780629756570395239
0.024500633594812304406
0.099800657089013852796
0.02476572538710044083
0.063848081402464007539
0.025100506933895400108
0.47300353430109243202
0.025152647840677149621
0.41597621780363280841
0.025166152267345667098
0.27914974196430597519
0.025667667619946828161
0.36565203538992530063
0.025933221182420342077
0.44361913418116771801
0.027660759178154092214
0.23459571221775596395
0.027792754920023404058
0.11891422445244755057
0.02834625693178884423
0.38501478171666275729
0.02869211554523076052
0.33868155001493993606
0.028888348466569631345
0.088031355078576747908
0.029186073037406445874
0.17018518577239719058
0.029797667672143479667
0.19278623704051919829
0.030371570075449150911
0.30418771778500608427
0.031533481253787611076
0.1421230209027483371
0.031825658799791711751
0.21850673829073635757
0.032246990922176074768
0.051508490727280996369
0.033182994646993202448
0.039750117594647631225
0.033186319195373924218
0.25222293011731183876
0.033360442299631434815
0.078084685246992260876
0.033545227097092344959
0.38843083187658850042
0.033699451062727717177
0.36665729589034262714
0.034949832516829565376
0.40212766502326935392
0.035224854441174187347
0.096587927203978810042
0.036573314508197160566
0.43287111301965980337
0.036630780714919354557
0.27677469649564928611
0.036790450399921251212
0.26161029712537992031
0.036900304219235117997
0.32299926775640880328
0.036926719610760688761
0.46546102204747691333
0.038302253195063910851
0.063364566590935852974
0.03838419264350859117
0.11755984681571500505
0.038485120458272965849
0.283786961617436162
0.039186784772878541228
0.16309636929042878317
0.039210439214772019323
0.39744223279536305959
0.039285571237071756356
0.21398579618807789249
0.040368029152678543137
0.19052523047027086767
0.041198686216787440417
0.23600021214078925613
0.042171034132574621023
0.34428681012465933708
0.043658669907660145604
0.14546854739310996485
0.044221001046461351491
0.048636171981531556296
0.044354373350491693717
0.13676579082233131235
0.045478033302215614686
0.37477943104713462574
0.045857210189399311151
0.29589150067399749844
0.045948124587610925107
0.30559386356241741156
0.046897276579010896413
0.080343896400071584951
0.047344250411512016352
0.21102122969210540537
0.048393513800599127772
0.40436155525252470699
0.04848056720987005408
0.099755156679177461876
0.049149020513190970483
0.43322306960529427533
0.049338413043591440588
0.1774025245405670137
0.050319583212571024344
0.24463096082624619099
0.050437934180114163407
0.26911178651975442566
0.050957610399380251498
0.46032616234803847011
0.051301024731782503274
0.062192080533780391693
0.052040959338264275447
0.15474267587995066409
0.053261771839922596172
0.11864604518808558042
0.054316005872603510818
0.32875653236048130168
0.0555577023332795919
0.35657270615918096324
0.057637890760928768563
0.2946317962989676853
0.05793088757440532921
0.21200967758697134014
0.058225208117316407108
0.18926444767115707668
0.058629796773376707808
0.22933856079520584248
0.060175881844458906089
0.27587353169877759651
0.061363313675977596007
0.13658504820858344275
0.061716142796269558846
0.3868537646063111568
0.062014333750209184315
0.072668416486774842222
0.062433310705829705989
0.089204392119156497576
0.062804470483478078147
0.35539364822004498867
0.063437485411611996278
0.16338361283643765276
0.063489647842425722679
0.42053949324900846696
0.065017142128076452212
0.10569700235281875855
0.065469454635493584682
0.27857732099502768852
0.066218543747930333487
0.24869089005772002099
0.066437652873744409976
0.31239553211662945964
0.066804205644770811579
0.45061495649774685468
0.068674729802449388516
0.2612111597850815814
0.071863837790953191687
0.19554160334354414585
0.072495599053640585874
0.11957779558906732331
0.072510423705686860574
0.22088127877769730967
0.074582651471388886066
0.3326262887500316956
0.075268821760064885673
0.17321938687458723893
0.076746334367590540726
0.14532594655876310275
0.077178957875902953756
0.39709352476007642174
0.077753279984247705703
0.08059643539332270179
0.077893019735067195453
0.29222536858335212973
0.078208423121169837189
0.36422656821682997119
0.080739223635322099337
0.097509990916397226712
0.08283492378643970977
0.26471523462921520142
0.082949816276516569191
0.42496592837741342663
0.084598851883242370819
0.20398783527954378325
0.084776065516775564457
0.45590560091091375527
0.084845831208032768123
0.23689089167044000139
0.086661496893798858898
0.12427763837279311165
0.089945388646264501364
0.30748197696447726601
0.090068106783760162881
0.16156927238970159033
0.09098847636348959822
0.38599023735805543245
0.091731418884571661043
0.18488421861757553533
0.093352809882906867545
0.33705304639292404945
0.093616024910215547838
0.10575947942217175934
0.095937309680593704786
0.2131988877740930155
0.097604904990962512712
0.27475987119388389779
0.097765619536482176177
0.14089810552887241379
0.099231962699472514577
0.3637909560637264117
0.10158922725675538501
0.40094781728919048902
0.10286878342933226949
0.2454512905793927724
0.10305687372616392783
0.43135540719493986606
0.1061593828466755457
0.11937920090076396817
0.10767061446233112953
0.16982412314548012144
0.1080145153833911853
0.28687513875818215769
0.11062022382878222704
0.31265049708513453774
0.11113747456218046883
0.19095417166435854628
0.11192819867014767998
0.21976883603811492307
0.11251399079168764028
0.15626012314915557755
0.1160662019645406634
0.34017780137812941854
0.11850968526753337395
0.37285769801483537034
0.11899577887132935239
0.13438978965093056894
0.12029168039862604689
0.25848508513853812874
0.12244721714237992438
0.43382981875049025922
0.12344520725735555478
0.40313577249368137689
0.127920556273951741
0.28509523260038777126
0.12937958663358939404
0.23109476807290374456
0.13024746322080910099
0.20073829687869682026
0.13091504109614768292
0.17260255796615828205
0.13361915533521037669
0.14900605695001925555
0.13418313047852956088
0.31303903366382335172
0.13769260120311790918
0.34529150650534917721
0.14281036695208881859
0.41262127321385505541
0.14297912388415956464
0.37468033601093136964
0.14390860141626909963
0.25737842108541042485
0.14973158905124109297
0.20935861047806722524
0.15115261768332990955
0.28452057442494804729
0.15185408144429118904
0.18246478879992855671
0.15217726502602973992
0.23271681472447561245
0.15480327536704840963
0.15837401351680527317
0.1563512070380487784
0.31808127661255991558
0.15804781663188330332
0.38993489678200754511
0.16374282616951332803
0.34511501091579444012
0.1689275541947808934
0.29333071306238733822
0.16956148270579973758
0.25832395914786776547
0.17076650426548059536
0.20194052036575665943
0.17354545809683244451
0.36826572938012874792
0.17458474944527171968
0.22938277446142163463
0.17634544705325502778
0.17647986288014747003
0.18270055443372881787
0.39143343413746312098
0.18411004551788823225
0.31424395722930237307
0.18745759144543092112
0.27754403837504548758
0.1897537485978788574
0.20253379426302439703
0.19318791026717826997
0.3404832670984168641
0.19669968902141962697
0.24796166129831914704
0.20082019492744263012
0.22182841578066164745
0.202813130996777502
0.36486159136132845227
0.20489935078269910784
0.3964247546822627366
0.20723265859167222525
0.28887124285920495748
0.21519874655899504101
0.31329612911355753102
0.218232008415564116
0.2587614942915701377
0.22533542339112647146
0.33757906894461869873
0.22771591542346986126
0.2277207740259154789
0.22919058491430427393
0.36834854470656097636
0.236426612371410938
0.27959901577122570071
0.24548943021888722238
0.30419037356752359758
0.24781922191786173726
0.24782886479701404792
0.25430798795660297662
0.33203031441893393616
0.25546983678531243189
0.36065059894198525647
0.26755385101865142294
0.26778763768940067047
0.27239678555702123708
0.29576516809003788877
0.2816396419503598425
0.34273682458680604368
0.28582670651238561987
0.31289443303825176246
0.31349088706018723993
0.31574792473268725734
