# Rule degree: 11
-0.3333333333333333  -0.3333333333333333   0.1598220644485234
-0.9373651426144181   0.8747302852288361  0.02527486077376364
 0.8747302852288361  -0.9373651426144181  0.02527486077376364
-0.9373651426144181  -0.9373651426144181  0.02527486077376364
-0.7685795217942192   0.5371590435884384  0.08125027593421678
 0.5371590435884384  -0.7685795217942193  0.08125027593421678
-0.7685795217942191  -0.7685795217942193  0.08125027593421678
-0.5688798236553423   0.1377596473106846   0.1341025580911367
 0.1377596473106846  -0.5688798236553423   0.1341025580911367
-0.5688798236553423  -0.5688798236553423   0.1341025580911367
-0.1286378020142738  -0.7427243959714525   0.1231507836476948
-0.7427243959714525  -0.1286378020142738   0.1231507836476948
-0.1286378020142738  -0.1286378020142738   0.1231507836476948
                  0                   -1  0.02217060650580779
                 -1                    0  0.02217060650580779
                  0                    0  0.02217060650580779
-0.6767818897495042   0.6452474366704659  0.03129669640554895
 0.6452474366704659  -0.6767818897495042  0.03129669640554895
-0.9684655469209618   0.6452474366704659  0.03129669640554895
 0.6452474366704659  -0.9684655469209618  0.03129669640554895
-0.9684655469209618  -0.6767818897495042  0.03129669640554895
-0.6767818897495042  -0.9684655469209618  0.03129669640554895
-0.3660432865409236   0.2698596145168251  0.08242508371005393
 0.2698596145168251  -0.3660432865409236  0.08242508371005393
-0.9038163279759015   0.2698596145168251  0.08242508371005393
 0.2698596145168251  -0.9038163279759015  0.08242508371005393
-0.9038163279759015  -0.3660432865409236  0.08242508371005393
-0.3660432865409236  -0.9038163279759015  0.08242508371005393

