# Rule degree: 13
 -0.3333333333333333   -0.3333333333333333    0.1359200731736632
 -0.9569806377823137    0.9139612755646274   0.01210467420707836
  0.9139612755646273   -0.9569806377823137   0.01210467420707836
 -0.9569806377823137   -0.9569806377823137   0.01210467420707836
 -0.5572554274163343    0.1145108548326685    0.1165569702383999
  0.1145108548326685   -0.5572554274163344    0.1165569702383999
 -0.5572554274163343   -0.5572554274163344    0.1165569702383999
 -0.1461171714803993   -0.7077656570392015    0.1112039350609065
 -0.7077656570392015   -0.1461171714803993    0.1112039350609065
 -0.1461171714803993   -0.1461171714803993    0.1112039350609065
 -0.0218461070949213   -0.9563077858101574   0.04798880385778948
 -0.9563077858101574  -0.02184610709492135   0.04798880385778948
 -0.0218461070949213  -0.02184610709492135   0.04798880385778948
 -0.4549683644531409     0.444715586248376   0.01918136200708655
   0.444715586248376   -0.4549683644531408   0.01918136200708655
 -0.9897472217952352     0.444715586248376   0.01918136200708655
   0.444715586248376   -0.9897472217952352   0.01918136200708655
 -0.9897472217952352   -0.4549683644531408   0.01918136200708655
 -0.4549683644531409   -0.9897472217952352   0.01918136200708655
 -0.7781559143930734    0.7294155405908858   0.02993080221033132
  0.7294155405908858   -0.7781559143930734   0.02993080221033132
 -0.9512596261978123    0.7294155405908858   0.02993080221033132
  0.7294155405908856   -0.9512596261978125   0.02993080221033132
 -0.9512596261978123   -0.7781559143930734   0.02993080221033132
 -0.7781559143930733   -0.9512596261978125   0.02993080221033132
 -0.3831164782157644    0.2470919911073512   0.06928255228169672
  0.2470919911073511   -0.3831164782157644   0.06928255228169672
 -0.8639755128915869    0.2470919911073512   0.06928255228169672
  0.2470919911073512   -0.8639755128915869   0.06928255228169672
 -0.8639755128915868   -0.3831164782157644   0.06928255228169672
 -0.3831164782157644   -0.8639755128915869   0.06928255228169672
  -0.672805197864299    0.4970142317999044   0.04835807962318773
  0.4970142317999044    -0.672805197864299   0.04835807962318773
 -0.8242090339356054    0.4970142317999044   0.04835807962318773
  0.4970142317999044   -0.8242090339356054   0.04835807962318773
 -0.8242090339356054    -0.672805197864299   0.04835807962318773
  -0.672805197864299   -0.8242090339356054   0.04835807962318773

