# Rule degree: 17
 -0.9704890166784921    0.9409780333569842  0.005547775155275296
  0.9409780333569842   -0.9704890166784921  0.005547775155275296
 -0.9704890166784921   -0.9704890166784921  0.005547775155275296
 -0.8666918730408062    0.7333837460816124   0.02491800160461087
  0.7333837460816124   -0.8666918730408062   0.02491800160461087
 -0.8666918730408062   -0.8666918730408062   0.02491800160461087
 -0.6392837674672589    0.2785675349345177   0.05262526117603595
  0.2785675349345178   -0.6392837674672589   0.05262526117603595
 -0.6392837674672589   -0.6392837674672589   0.05262526117603595
 -0.4285869951268267   -0.1428260097463465   0.07543247430559054
 -0.1428260097463465   -0.4285869951268268   0.07543247430559054
 -0.4285869951268267   -0.4285869951268268   0.07543247430559054
 -0.1657931112768016   -0.6684137774463967   0.05462185305620421
 -0.6684137774463967   -0.1657931112768016   0.05462185305620421
 -0.1657931112768016   -0.1657931112768016   0.05462185305620421
-0.06880425676221935   -0.8623914864755613   0.05003890190099471
 -0.8623914864755613  -0.06880425676221935   0.05003890190099471
-0.06880425676221935  -0.06880425676221935   0.05003890190099471
  -0.854989058401995    0.8318387065956336  0.009168696803471732
  0.8318387065956336    -0.854989058401995  0.009168696803471732
 -0.9768496481936386    0.8318387065956336  0.009168696803471732
  0.8318387065956336   -0.9768496481936386  0.009168696803471732
 -0.9768496481936386    -0.854989058401995  0.009168696803471732
  -0.854989058401995   -0.9768496481936386  0.009168696803471732
 -0.4564162598892902    0.4301445182212848   0.01738442900200239
  0.4301445182212848   -0.4564162598892902   0.01738442900200239
 -0.9737282583319946    0.4301445182212848   0.01738442900200239
  0.4301445182212848   -0.9737282583319947   0.01738442900200239
 -0.9737282583319946   -0.4564162598892902   0.01738442900200239
 -0.4564162598892902   -0.9737282583319947   0.01738442900200239
 -0.1690490814095419    0.1425897358893681    0.0207968799116791
  0.1425897358893681   -0.1690490814095419    0.0207968799116791
 -0.9735406544798262    0.1425897358893681    0.0207968799116791
  0.1425897358893682   -0.9735406544798262    0.0207968799116791
 -0.9735406544798262   -0.1690490814095419    0.0207968799116791
 -0.1690490814095419   -0.9735406544798262    0.0207968799116791
 -0.6816154250544144     0.649580140330176   0.01595660041185917
   0.649580140330176   -0.6816154250544144   0.01595660041185917
 -0.9679647152757616     0.649580140330176   0.01595660041185917
   0.649580140330176   -0.9679647152757616   0.01595660041185917
 -0.9679647152757616   -0.6816154250544144   0.01595660041185917
 -0.6816154250544144   -0.9679647152757616   0.01595660041185917
  -0.387436816507627    0.2527380607729046   0.04497554509338215
  0.2527380607729046    -0.387436816507627   0.04497554509338215
 -0.8653012442652777    0.2527380607729046   0.04497554509338215
  0.2527380607729046   -0.8653012442652777   0.04497554509338215
 -0.8653012442652777    -0.387436816507627   0.04497554509338215
  -0.387436816507627   -0.8653012442652777   0.04497554509338215
 -0.6625549730094811    0.5064702918729163     0.041115796640909
  0.5064702918729163   -0.6625549730094811     0.041115796640909
 -0.8439153188634352    0.5064702918729163     0.041115796640909
  0.5064702918729163   -0.8439153188634352     0.041115796640909
 -0.8439153188634352   -0.6625549730094811     0.041115796640909
 -0.6625549730094811   -0.8439153188634352     0.041115796640909
 -0.4015621150460593   0.08655115919231948   0.05234325187067399
 0.08655115919231943   -0.4015621150460594   0.05234325187067399
 -0.6849890441462601   0.08655115919231948   0.05234325187067399
 0.08655115919231945   -0.6849890441462599   0.05234325187067399
 -0.6849890441462601   -0.4015621150460594   0.05234325187067399
 -0.4015621150460593   -0.6849890441462599   0.05234325187067399

