# Rule degree: 21
  -0.3333333333333333    -0.3333333333333333    0.05326600728808642
  -0.8938933476757503     0.7877866953515007    0.01415580750476756
   0.7877866953515006    -0.8938933476757503    0.01415580750476756
  -0.8938933476757503    -0.8938933476757503    0.01415580750476756
  -0.7760698574680194     0.5521397149360388    0.02419751599276824
   0.5521397149360388    -0.7760698574680194    0.02419751599276824
  -0.7760698574680194    -0.7760698574680194    0.02419751599276824
  -0.5739767487677601     0.1479534975355201    0.04603798996996426
   0.1479534975355201    -0.5739767487677601    0.04603798996996426
  -0.5739767487677601    -0.5739767487677601    0.04603798996996426
  -0.4453330261785821    -0.1093339476428359     0.0227526207632361
  -0.1093339476428359    -0.4453330261785821     0.0227526207632361
  -0.4453330261785821    -0.4453330261785821     0.0227526207632361
  -0.1128746716031163    -0.7742506567937675    0.04219805906245442
  -0.7742506567937675    -0.1128746716031163    0.04219805906245442
  -0.1128746716031163    -0.1128746716031163    0.04219805906245442
 -0.04541659294541434    -0.9091668141091713    0.02629268717151059
  -0.9091668141091713   -0.04541659294541439    0.02629268717151059
 -0.04541659294541434   -0.04541659294541439    0.02629268717151059
-0.008628228637317714    -0.9827435427253646    0.01205490115330977
  -0.9827435427253646   -0.00862822863731777    0.01205490115330977
-0.008628228637317714   -0.00862822863731777    0.01205490115330977
  -0.7319755571540136      0.714241564409773    0.00831241585221295
    0.714241564409773    -0.7319755571540136    0.00831241585221295
  -0.9822660072557594      0.714241564409773    0.00831241585221295
    0.714241564409773    -0.9822660072557594    0.00831241585221295
  -0.9822660072557594    -0.7319755571540136    0.00831241585221295
  -0.7319755571540136    -0.9822660072557594    0.00831241585221295
  -0.9735311568211238     0.9557730431280334   0.001595110254939087
   0.9557730431280334    -0.9735311568211238   0.001595110254939087
  -0.9822418863069096     0.9557730431280334   0.001595110254939087
   0.9557730431280334    -0.9822418863069096   0.001595110254939087
  -0.9822418863069096    -0.9735311568211238   0.001595110254939087
  -0.9735311568211238    -0.9822418863069096   0.001595110254939087
  -0.5247071482316112     0.5059234103068986    0.01104804966401918
   0.5059234103068986    -0.5247071482316112    0.01104804966401918
  -0.9812162620752873     0.5059234103068986    0.01104804966401918
   0.5059234103068986    -0.9812162620752873    0.01104804966401918
  -0.9812162620752873    -0.5247071482316112    0.01104804966401918
  -0.5247071482316112    -0.9812162620752873    0.01104804966401918
  -0.2780700869281234     0.2579587780997895    0.01341025080956217
   0.2579587780997894    -0.2780700869281234    0.01341025080956217
   -0.979888691171666     0.2579587780997895    0.01341025080956217
   0.2579587780997895     -0.979888691171666    0.01341025080956217
   -0.979888691171666    -0.2780700869281234    0.01341025080956217
  -0.2780700869281234     -0.979888691171666    0.01341025080956217
  -0.8862874837417216     0.8656318095802069    0.00651647310740486
   0.8656318095802069    -0.8862874837417216    0.00651647310740486
  -0.9793443258384853     0.8656318095802069    0.00651647310740486
   0.8656318095802069    -0.9793443258384853    0.00651647310740486
  -0.9793443258384853    -0.8862874837417216    0.00651647310740486
  -0.8862874837417216    -0.9793443258384853    0.00651647310740486
  -0.7397875191818168     0.6466353815832002     0.0190276920855482
   0.6466353815832002    -0.7397875191818168     0.0190276920855482
  -0.9068478624013834     0.6466353815832002     0.0190276920855482
   0.6466353815832002    -0.9068478624013834     0.0190276920855482
  -0.9068478624013834    -0.7397875191818168     0.0190276920855482
  -0.7397875191818168    -0.9068478624013834     0.0190276920855482
  -0.5364428038499169     0.4386695300372346    0.02437400819619971
   0.4386695300372345    -0.5364428038499169    0.02437400819619971
  -0.9022267261873176     0.4386695300372346    0.02437400819619971
   0.4386695300372345    -0.9022267261873176    0.02437400819619971
  -0.9022267261873176    -0.5364428038499169    0.02437400819619971
  -0.5364428038499169    -0.9022267261873176    0.02437400819619971
  -0.3021168340777144     0.1979380078796307    0.02832005641819205
   0.1979380078796308    -0.3021168340777144    0.02832005641819205
  -0.8958211738019162     0.1979380078796307    0.02832005641819205
   0.1979380078796307    -0.8958211738019162    0.02832005641819205
  -0.8958211738019163    -0.3021168340777144    0.02832005641819205
  -0.3021168340777144    -0.8958211738019162    0.02832005641819205
  -0.5966333402032267     0.3630985816643693    0.03350419618211232
   0.3630985816643693    -0.5966333402032267    0.03350419618211232
  -0.7664652414611426     0.3630985816643693    0.03350419618211232
   0.3630985816643693    -0.7664652414611426    0.03350419618211232
  -0.7664652414611426    -0.5966333402032267    0.03350419618211232
  -0.5966333402032267    -0.7664652414611426    0.03350419618211232
  -0.3762175437276856     0.1312033310053751    0.03975830204095186
   0.1312033310053751    -0.3762175437276856    0.03975830204095186
  -0.7549857872776895     0.1312033310053751    0.03975830204095186
    0.131203331005375    -0.7549857872776895    0.03975830204095186
  -0.7549857872776895    -0.3762175437276856    0.03975830204095186
  -0.3762175437276856    -0.7549857872776895    0.03975830204095186
  -0.3196727866499768   -0.09310439434076184     0.0447443200318377
 -0.09310439434076181    -0.3196727866499768     0.0447443200318377
  -0.5872228190092614   -0.09310439434076184     0.0447443200318377
 -0.09310439434076181    -0.5872228190092614     0.0447443200318377
  -0.5872228190092614    -0.3196727866499768     0.0447443200318377
  -0.3196727866499768    -0.5872228190092614     0.0447443200318377

