# Rule degree: 21
  -0.9783387041722077     0.9566774083444154   0.003065044283140595
   0.9566774083444155    -0.9783387041722077   0.003065044283140595
  -0.9783387041722077    -0.9783387041722077   0.003065044283140595
  -0.8935873948125956     0.7871747896251913    0.01421014390396646
   0.7871747896251913    -0.8935873948125956    0.01421014390396646
  -0.8935873948125956    -0.8935873948125956    0.01421014390396646
  -0.7656413510718105     0.5312827021436211    0.02630770618109703
   0.5312827021436211    -0.7656413510718105    0.02630770618109703
  -0.7656413510718105    -0.7656413510718105    0.02630770618109703
  -0.6276002509367994     0.2552005018735988    0.03221423986711697
   0.2552005018735988    -0.6276002509367995    0.03221423986711697
  -0.6276002509367994    -0.6276002509367995    0.03221423986711697
  -0.5245899060589994    0.04917981211799871    0.03911399665484307
  0.04917981211799871    -0.5245899060589994    0.03911399665484307
  -0.5245899060589994    -0.5245899060589994    0.03911399665484307
  -0.4021967667632417    -0.1956064664735166    0.04297449923619189
  -0.1956064664735166    -0.4021967667632417    0.04297449923619189
  -0.4021967667632417    -0.4021967667632417    0.04297449923619189
 -0.09776380627333736    -0.8044723874533253    0.04229429160682225
  -0.8044723874533253   -0.09776380627333742    0.04229429160682225
 -0.09776380627333736   -0.09776380627333742    0.04229429160682225
 -0.03126238640185652     -0.937475227196287    0.02484405090030228
   -0.937475227196287   -0.03126238640185658    0.02484405090030228
 -0.03126238640185652   -0.03126238640185658    0.02484405090030228
-0.002637661439865213    -0.9947246771202696   0.005919284171602097
  -0.9947246771202696  -0.002637661439865158   0.005919284171602097
-0.002637661439865213  -0.002637661439865158   0.005919284171602097
  -0.5238781821214435     0.5090752220831838   0.008892133649135036
   0.5090752220831838    -0.5238781821214435   0.008892133649135036
  -0.9851970399617402     0.5090752220831838   0.008892133649135036
   0.5090752220831838    -0.9851970399617402   0.008892133649135036
  -0.9851970399617402    -0.5238781821214435   0.008892133649135036
  -0.5238781821214435    -0.9851970399617402   0.008892133649135036
  -0.7325715277454146     0.7135937673253366   0.008894274025537914
   0.7135937673253365    -0.7325715277454146   0.008894274025537914
   -0.981022239579922     0.7135937673253366   0.008894274025537914
   0.7135937673253365     -0.981022239579922   0.008894274025537914
   -0.981022239579922    -0.7325715277454146   0.008894274025537914
  -0.7325715277454146     -0.981022239579922   0.008894274025537914
  -0.8877878425191175      0.867447091491177   0.006486432072594322
   0.8674470914911769    -0.8877878425191175   0.006486432072594322
  -0.9796592489720595      0.867447091491177   0.006486432072594322
   0.8674470914911769    -0.9796592489720595   0.006486432072594322
  -0.9796592489720595    -0.8877878425191175   0.006486432072594322
  -0.8877878425191175    -0.9796592489720595   0.006486432072594322
   -0.278243459277327     0.2566692886982613     0.0143856601795887
   0.2566692886982613     -0.278243459277327     0.0143856601795887
  -0.9784258294209344     0.2566692886982613     0.0143856601795887
   0.2566692886982613    -0.9784258294209343     0.0143856601795887
  -0.9784258294209343     -0.278243459277327     0.0143856601795887
   -0.278243459277327    -0.9784258294209343     0.0143856601795887
  -0.5361415596033681     0.4545606027335225    0.02154373450949234
   0.4545606027335225    -0.5361415596033681    0.02154373450949234
  -0.9184190431301544     0.4545606027335225    0.02154373450949234
   0.4545606027335225    -0.9184190431301544    0.02154373450949234
  -0.9184190431301544    -0.5361415596033681    0.02154373450949234
  -0.5361415596033681    -0.9184190431301544    0.02154373450949234
  -0.7428799858513065     0.6451071655384832    0.01937636553935464
   0.6451071655384832    -0.7428799858513067    0.01937636553935464
  -0.9022271796871767     0.6451071655384832    0.01937636553935464
   0.6451071655384832    -0.9022271796871766    0.01937636553935464
  -0.9022271796871766    -0.7428799858513067    0.01937636553935464
  -0.7428799858513067    -0.9022271796871766    0.01937636553935464
  -0.3076927221383713     0.1953025146853853    0.03083640325010168
   0.1953025146853852    -0.3076927221383713    0.03083640325010168
   -0.887609792547014     0.1953025146853853    0.03083640325010168
   0.1953025146853853     -0.887609792547014    0.03083640325010168
  -0.8876097925470139    -0.3076927221383713    0.03083640325010168
  -0.3076927221383713     -0.887609792547014    0.03083640325010168
  -0.5736352395062985     0.3691257089977506    0.03075289758454818
   0.3691257089977507    -0.5736352395062985    0.03075289758454818
  -0.7954904694914522     0.3691257089977506    0.03075289758454818
   0.3691257089977507    -0.7954904694914522    0.03075289758454818
  -0.7954904694914522    -0.5736352395062985    0.03075289758454818
  -0.5736352395062985    -0.7954904694914522    0.03075289758454818
  -0.3807163990292179     0.1179225238301226    0.03923781595679123
   0.1179225238301225     -0.380716399029218    0.03923781595679123
  -0.7372061248009045     0.1179225238301226    0.03923781595679123
   0.1179225238301226    -0.7372061248009044    0.03923781595679123
  -0.7372061248009045     -0.380716399029218    0.03923781595679123
  -0.3807163990292179    -0.7372061248009044    0.03923781595679123
  -0.2851644117480513    -0.1026778162960471    0.03745598816364792
   -0.102677816296047    -0.2851644117480512    0.03745598816364792
  -0.6121577719559017    -0.1026778162960471    0.03745598816364792
   -0.102677816296047    -0.6121577719559017    0.03745598816364792
  -0.6121577719559017    -0.2851644117480512    0.03745598816364792
  -0.2851644117480513    -0.6121577719559017    0.03745598816364792

