# Rule degree: 25
  -0.9840415198857566     0.9680830397715132   0.001664270777340039
   0.9680830397715132    -0.9840415198857566   0.001664270777340039
  -0.9840415198857566    -0.9840415198857566   0.001664270777340039
  -0.6972671911156922     0.3945343822313845    0.02761470280323194
   0.3945343822313845    -0.6972671911156922    0.02761470280323194
  -0.6972671911156922    -0.6972671911156922    0.02761470280323194
  -0.2762940936283165    -0.4474118127433671    0.03263106208666776
  -0.4474118127433671    -0.2762940936283165    0.03263106208666776
  -0.2762940936283165    -0.2762940936283165    0.03263106208666776
  -0.1866366600186238    -0.6267266799627524    0.03153881577424868
  -0.6267266799627524    -0.1866366600186238    0.03153881577424868
  -0.1866366600186238    -0.1866366600186238    0.03153881577424868
  -0.1061630093591444    -0.7876739812817113     0.0297498569061496
  -0.7876739812817113    -0.1061630093591444     0.0297498569061496
  -0.1061630093591444    -0.1061630093591444     0.0297498569061496
 -0.04496578721030609    -0.9100684255793878    0.02215441727136824
  -0.9100684255793878   -0.04496578721030614    0.02215441727136824
 -0.04496578721030609   -0.04496578721030614    0.02215441727136824
-0.008431072684591867    -0.9831378546308163    0.01011816460784342
  -0.9831378546308163  -0.008431072684591923    0.01011816460784342
-0.008431072684591867  -0.008431072684591923    0.01011816460784342
  -0.2366041317733887     0.2312725089040797   0.004225905071659586
   0.2312725089040797    -0.2366041317733887   0.004225905071659586
   -0.994668377130691     0.2312725089040797   0.004225905071659586
   0.2312725089040797     -0.994668377130691   0.004225905071659586
   -0.994668377130691    -0.2366041317733887   0.004225905071659586
  -0.2366041317733887     -0.994668377130691   0.004225905071659586
  -0.6422755389699771     0.6356661647277018    0.00364124829000673
   0.6356661647277018    -0.6422755389699772    0.00364124829000673
  -0.9933906257577246     0.6356661647277018    0.00364124829000673
   0.6356661647277018    -0.9933906257577245    0.00364124829000673
  -0.9933906257577245    -0.6422755389699772    0.00364124829000673
  -0.6422755389699772    -0.9933906257577245    0.00364124829000673
    -0.91727396791825     0.9030068038525816   0.003364024080990951
   0.9030068038525816      -0.91727396791825   0.003364024080990951
  -0.9857328359343316     0.9030068038525816   0.003364024080990951
   0.9030068038525816    -0.9857328359343316   0.003364024080990951
  -0.9857328359343316      -0.91727396791825   0.003364024080990951
    -0.91727396791825    -0.9857328359343316   0.003364024080990951
  -0.8017518790376132     0.7860608742478767   0.005527821199023676
   0.7860608742478767    -0.8017518790376132   0.005527821199023676
  -0.9843089952102635     0.7860608742478767   0.005527821199023676
   0.7860608742478767    -0.9843089952102635   0.005527821199023676
  -0.9843089952102635    -0.8017518790376132   0.005527821199023676
  -0.8017518790376132    -0.9843089952102635   0.005527821199023676
   -0.454795649841925       0.43734904933311   0.009067780195293711
     0.43734904933311     -0.454795649841925   0.009067780195293711
   -0.982553399491185       0.43734904933311   0.009067780195293711
     0.43734904933311     -0.982553399491185   0.009067780195293711
   -0.982553399491185     -0.454795649841925   0.009067780195293711
   -0.454795649841925     -0.982553399491185   0.009067780195293711
  -0.2470450872095036     0.1965953776775755     0.0161090162914231
   0.1965953776775755    -0.2470450872095036     0.0161090162914231
  -0.9495502904680719     0.1965953776775755     0.0161090162914231
   0.1965953776775755    -0.9495502904680719     0.0161090162914231
  -0.9495502904680719    -0.2470450872095036     0.0161090162914231
  -0.2470450872095036    -0.9495502904680719     0.0161090162914231
  -0.6536430291263376      0.600769718652419    0.01275661964595604
    0.600769718652419    -0.6536430291263375    0.01275661964595604
  -0.9471266895260814      0.600769718652419    0.01275661964595604
    0.600769718652419    -0.9471266895260815    0.01275661964595604
  -0.9471266895260815    -0.6536430291263375    0.01275661964595604
  -0.6536430291263375    -0.9471266895260815    0.01275661964595604
  -0.9165854102800659     0.8472929249364568   0.003875719111061331
   0.8472929249364567    -0.9165854102800659   0.003875719111061331
  -0.9307075146563908     0.8472929249364568   0.003875719111061331
   0.8472929249364567    -0.9307075146563908   0.003875719111061331
  -0.9307075146563908    -0.9165854102800659   0.003875719111061331
  -0.9165854102800659    -0.9307075146563908   0.003875719111061331
  -0.8128500609632667     0.7313110590047081    0.01193054170796499
   0.7313110590047081    -0.8128500609632667    0.01193054170796499
  -0.9184609980414413     0.7313110590047081    0.01193054170796499
   0.7313110590047081    -0.9184609980414413    0.01193054170796499
  -0.9184609980414413    -0.8128500609632667    0.01193054170796499
  -0.8128500609632667    -0.9184609980414413    0.01193054170796499
  -0.4698190490359888     0.3813709444076334    0.01950923723378772
   0.3813709444076334    -0.4698190490359888    0.01950923723378772
  -0.9115518953716446     0.3813709444076334    0.01950923723378772
   0.3813709444076334    -0.9115518953716446    0.01950923723378772
  -0.9115518953716446    -0.4698190490359888    0.01950923723378772
  -0.4698190490359888    -0.9115518953716446    0.01950923723378772
  -0.6615012392338575     0.5117073008538611    0.01955464879327581
   0.5117073008538611    -0.6615012392338575    0.01955464879327581
  -0.8502060616200036     0.5117073008538611    0.01955464879327581
   0.5117073008538611    -0.8502060616200036    0.01955464879327581
  -0.8502060616200036    -0.6615012392338575    0.01955464879327581
  -0.6615012392338575    -0.8502060616200036    0.01955464879327581
  -0.2901914840745587      0.138738933817258    0.02645185382556611
    0.138738933817258    -0.2901914840745587    0.02645185382556611
  -0.8485474497426992      0.138738933817258    0.02645185382556611
    0.138738933817258    -0.8485474497426992    0.02645185382556611
  -0.8485474497426992    -0.2901914840745587    0.02645185382556611
  -0.2901914840745587    -0.8485474497426992    0.02645185382556611
  -0.7948945741627995     0.6170246592416821   0.008519931734928632
   0.6170246592416821    -0.7948945741627995   0.008519931734928632
  -0.8221300850788826     0.6170246592416821   0.008519931734928632
   0.6170246592416821    -0.8221300850788826   0.008519931734928632
  -0.8221300850788826    -0.7948945741627995   0.008519931734928632
  -0.7948945741627995    -0.8221300850788826   0.008519931734928632
   -0.507995918467989     0.2944560990930271    0.02691177775175696
   0.2944560990930272     -0.507995918467989    0.02691177775175696
  -0.7864601806250382     0.2944560990930271    0.02691177775175696
   0.2944560990930271    -0.7864601806250382    0.02691177775175696
  -0.7864601806250382     -0.507995918467989    0.02691177775175696
   -0.507995918467989    -0.7864601806250382    0.02691177775175696
  -0.3391174852004681    0.04193869080719592    0.03059515469837825
  0.04193869080719592    -0.3391174852004681    0.03059515469837825
  -0.7028212056067278    0.04193869080719592    0.03059515469837825
  0.04193869080719589    -0.7028212056067278    0.03059515469837825
  -0.7028212056067278    -0.3391174852004681    0.03059515469837825
  -0.3391174852004681    -0.7028212056067278    0.03059515469837825
  -0.5299304293641347     0.1663998987266953    0.02463405637136252
   0.1663998987266953    -0.5299304293641347    0.02463405637136252
  -0.6364694693625605     0.1663998987266953    0.02463405637136252
   0.1663998987266952    -0.6364694693625605    0.02463405637136252
  -0.6364694693625605    -0.5299304293641347    0.02463405637136252
  -0.5299304293641347    -0.6364694693625605    0.02463405637136252
  -0.4061210051163758   -0.06332781356458461    0.02892235221747236
 -0.06332781356458456    -0.4061210051163758    0.02892235221747236
  -0.5305511813190398   -0.06332781356458461    0.02892235221747236
 -0.06332781356458456    -0.5305511813190398    0.02892235221747236
  -0.5305511813190398    -0.4061210051163758    0.02892235221747236
  -0.4061210051163758    -0.5305511813190398    0.02892235221747236

