# Rule degree: 25
  -0.9843293114347925      0.968658622869585   0.001613020576649239
   0.9686586228695852    -0.9843293114347925   0.001613020576649239
  -0.9843293114347925    -0.9843293114347925   0.001613020576649239
  -0.9255541480151185      0.851108296030237    0.00679459544380948
   0.8511082960302369    -0.9255541480151185    0.00679459544380948
  -0.9255541480151185    -0.9255541480151185    0.00679459544380948
  -0.8141005965984603     0.6282011931969207    0.01836564251964007
   0.6282011931969206    -0.8141005965984603    0.01836564251964007
  -0.8141005965984603    -0.8141005965984603    0.01836564251964007
  -0.7097815128509994     0.4195630257019988    0.02298305172512964
   0.4195630257019989    -0.7097815128509994    0.02298305172512964
  -0.7097815128509994    -0.7097815128509994    0.02298305172512964
   -0.577990983877007     0.1559819677540139    0.02317452647202121
   0.1559819677540139     -0.577990983877007    0.02317452647202121
   -0.577990983877007     -0.577990983877007    0.02317452647202121
  -0.4010153683909831    -0.1979692632180339    0.03603528140340292
  -0.1979692632180339    -0.4010153683909831    0.03603528140340292
  -0.4010153683909831    -0.4010153683909831    0.03603528140340292
  -0.2247159391908732    -0.5505681216182536     0.0273797030965445
  -0.5505681216182536    -0.2247159391908732     0.0273797030965445
  -0.2247159391908732    -0.2247159391908732     0.0273797030965445
  -0.1504813909188505     -0.699037218162299    0.03182262027491686
   -0.699037218162299    -0.1504813909188505    0.03182262027491686
  -0.1504813909188505    -0.1504813909188505    0.03182262027491686
 -0.07558258250258776    -0.8488348349948245    0.02730855037505598
  -0.8488348349948245   -0.07558258250258776    0.02730855037505598
 -0.07558258250258776   -0.07558258250258776    0.02730855037505598
 -0.02192126067920908    -0.9561574786415818    0.01688817189304217
  -0.9561574786415818   -0.02192126067920913    0.01688817189304217
 -0.02192126067920908   -0.02192126067920913    0.01688817189304217
  -0.4411676227014788     0.4393846940664825   0.003023404156917803
   0.4393846940664826    -0.4411676227014787   0.003023404156917803
  -0.9982170713650037     0.4393846940664825   0.003023404156917803
   0.4393846940664825    -0.9982170713650037   0.003023404156917803
  -0.9982170713650038    -0.4411676227014787   0.003023404156917803
  -0.4411676227014788    -0.9982170713650037   0.003023404156917803
  -0.1191661450413128     0.1155284117727642   0.003349635663869401
   0.1155284117727642    -0.1191661450413128   0.003349635663869401
  -0.9963622667314513     0.1155284117727642   0.003349635663869401
   0.1155284117727642    -0.9963622667314513   0.003349635663869401
  -0.9963622667314513    -0.1191661450413128   0.003349635663869401
  -0.1191661450413128    -0.9963622667314513   0.003349635663869401
  -0.8017338733166357     0.7874772443141209   0.005090543250698036
   0.7874772443141209    -0.8017338733166357   0.005090543250698036
  -0.9857433709974852     0.7874772443141209   0.005090543250698036
   0.7874772443141209    -0.9857433709974852   0.005090543250698036
  -0.9857433709974852    -0.8017338733166357   0.005090543250698036
  -0.8017338733166357    -0.9857433709974852   0.005090543250698036
  -0.9178623617764308     0.9034847052530447    0.00338596726825468
   0.9034847052530448    -0.9178623617764308    0.00338596726825468
   -0.985622343476614     0.9034847052530447    0.00338596726825468
   0.9034847052530448     -0.985622343476614    0.00338596726825468
   -0.985622343476614    -0.9178623617764308    0.00338596726825468
  -0.9178623617764308     -0.985622343476614    0.00338596726825468
  -0.6427403027927676     0.6282679792968713   0.006527479364098498
   0.6282679792968713    -0.6427403027927676   0.006527479364098498
  -0.9855276765041037     0.6282679792968713   0.006527479364098498
   0.6282679792968713    -0.9855276765041037   0.006527479364098498
  -0.9855276765041037    -0.6427403027927676   0.006527479364098498
  -0.6427403027927676    -0.9855276765041037   0.006527479364098498
   -0.275862396208056      0.250034629707991    0.01090927673594885
    0.250034629707991     -0.275862396208056    0.01090927673594885
   -0.974172233499935      0.250034629707991    0.01090927673594885
    0.250034629707991     -0.974172233499935    0.01090927673594885
   -0.974172233499935     -0.275862396208056    0.01090927673594885
   -0.275862396208056     -0.974172233499935    0.01090927673594885
  -0.4868091805819602     0.4377290600869115     0.0146286818158657
   0.4377290600869115    -0.4868091805819602     0.0146286818158657
  -0.9509198795049514     0.4377290600869115     0.0146286818158657
   0.4377290600869115    -0.9509198795049514     0.0146286818158657
  -0.9509198795049514    -0.4868091805819602     0.0146286818158657
  -0.4868091805819602    -0.9509198795049514     0.0146286818158657
  -0.6819841876053441     0.6080639044460012    0.01262295604951854
   0.6080639044460012    -0.6819841876053441    0.01262295604951854
  -0.9260797168406572     0.6080639044460012    0.01262295604951854
   0.6080639044460012    -0.9260797168406572    0.01262295604951854
  -0.9260797168406572    -0.6819841876053441    0.01262295604951854
  -0.6819841876053441    -0.9260797168406572    0.01262295604951854
  -0.8224141690212667     0.7470382694527486    0.01054512384285885
   0.7470382694527486    -0.8224141690212667    0.01054512384285885
  -0.9246241004314819     0.7470382694527486    0.01054512384285885
   0.7470382694527486    -0.9246241004314819    0.01054512384285885
  -0.9246241004314819    -0.8224141690212667    0.01054512384285885
  -0.8224141690212667    -0.9246241004314819    0.01054512384285885
  -0.2521240405608312     0.1554891719860774    0.02128034139101756
   0.1554891719860774    -0.2521240405608312    0.02128034139101756
  -0.9033651314252462     0.1554891719860774    0.02128034139101756
   0.1554891719860773    -0.9033651314252462    0.02128034139101756
  -0.9033651314252462    -0.2521240405608312    0.02128034139101756
  -0.2521240405608312    -0.9033651314252462    0.02128034139101756
  -0.4598665283580812     0.3221714694950855    0.02176878722487383
   0.3221714694950855    -0.4598665283580812    0.02176878722487383
  -0.8623049411370043     0.3221714694950855    0.02176878722487383
   0.3221714694950855    -0.8623049411370043    0.02176878722487383
  -0.8623049411370043    -0.4598665283580812    0.02176878722487383
  -0.4598665283580812    -0.8623049411370043    0.02176878722487383
  -0.6452924064854944     0.4875762704742239     0.0190300431349115
   0.4875762704742239    -0.6452924064854944     0.0190300431349115
  -0.8422838639887296     0.4875762704742239     0.0190300431349115
   0.4875762704742239    -0.8422838639887296     0.0190300431349115
  -0.8422838639887296    -0.6452924064854944     0.0190300431349115
  -0.6452924064854944    -0.8422838639887296     0.0190300431349115
  -0.3172179339577004       0.08521831867578    0.03168070457579688
     0.08521831867578    -0.3172179339577004    0.03168070457579688
  -0.7680003847180796       0.08521831867578    0.03168070457579688
     0.08521831867578    -0.7680003847180796    0.03168070457579688
  -0.7680003847180796    -0.3172179339577004    0.03168070457579688
  -0.3172179339577004    -0.7680003847180796    0.03168070457579688
  -0.5327543797165695     0.2587409915424277     0.0274801651840451
   0.2587409915424277    -0.5327543797165695     0.0274801651840451
  -0.7259866118258582     0.2587409915424277     0.0274801651840451
   0.2587409915424277    -0.7259866118258582     0.0274801651840451
  -0.7259866118258582    -0.5327543797165695     0.0274801651840451
  -0.5327543797165695    -0.7259866118258582     0.0274801651840451
  -0.4009871627406509  -0.006398658427851034    0.03582764178455208
-0.006398658427851034    -0.4009871627406509    0.03582764178455208
   -0.592614178831498  -0.006398658427851034    0.03582764178455208
-0.006398658427851034     -0.592614178831498    0.03582764178455208
   -0.592614178831498    -0.4009871627406509    0.03582764178455208
  -0.4009871627406509     -0.592614178831498    0.03582764178455208

