# Rule degree: 25
 -0.9484333442264795     0.896866688452959  0.005141277415141336
  0.8968666884529589   -0.9484333442264795  0.005141277415141336
 -0.9484333442264795   -0.9484333442264795  0.005141277415141336
 -0.8926376987386183    0.7852753974772366  0.005351508697545557
  0.7852753974772365   -0.8926376987386183  0.005351508697545557
 -0.8926376987386183   -0.8926376987386183  0.005351508697545557
 -0.6821305982361787    0.3642611964723574   0.02609676209881161
  0.3642611964723574   -0.6821305982361787   0.02609676209881161
 -0.6821305982361787   -0.6821305982361787   0.02609676209881161
 -0.5718061710581472    0.1436123421162944   0.01481463629748144
  0.1436123421162945   -0.5718061710581472   0.01481463629748144
 -0.5718061710581472   -0.5718061710581472   0.01481463629748144
 -0.4732620000585073  -0.05347599988298546   0.03953454474580451
-0.05347599988298546   -0.4732620000585073   0.03953454474580451
 -0.4732620000585073   -0.4732620000585073   0.03953454474580451
 -0.3156298435838312   -0.3687403128323377  0.007201877647209472
 -0.3687403128323377   -0.3156298435838312  0.007201877647209472
 -0.3156298435838312   -0.3156298435838312  0.007201877647209472
 -0.2542119903095459   -0.4915760193809082   0.03761962379438798
 -0.4915760193809082   -0.2542119903095459   0.03761962379438798
 -0.2542119903095459   -0.2542119903095459   0.03761962379438798
 -0.1327651465159234   -0.7344697069681532   0.01509498780177735
 -0.7344697069681532   -0.1327651465159234   0.01509498780177735
 -0.1327651465159234   -0.1327651465159234   0.01509498780177735
 -0.0846915621882286   -0.8306168756235428   0.02128577160911664
 -0.8306168756235428  -0.08469156218822865   0.02128577160911664
 -0.0846915621882286  -0.08469156218822865   0.02128577160911664
-0.03708135918805799    -0.925837281623884   0.01869575109737898
  -0.925837281623884  -0.03708135918805805   0.01869575109737898
-0.03708135918805799  -0.03708135918805805   0.01869575109737898
 -0.9693965210259115    0.9650644530640138  0.001005997129974007
  0.9650644530640138   -0.9693965210259115  0.001005997129974007
 -0.9956679320381023    0.9650644530640138  0.001005997129974007
  0.9650644530640138   -0.9956679320381023  0.001005997129974007
 -0.9956679320381023   -0.9693965210259115  0.001005997129974007
 -0.9693965210259115   -0.9956679320381023  0.001005997129974007
 -0.8812287725685208    0.8675381208645426  0.003918917142248554
  0.8675381208645425   -0.8812287725685208  0.003918917142248554
 -0.9863093482960217    0.8675381208645426  0.003918917142248554
  0.8675381208645425   -0.9863093482960217  0.003918917142248554
 -0.9863093482960217   -0.8812287725685208  0.003918917142248554
 -0.8812287725685208   -0.9863093482960217  0.003918917142248554
 -0.5672031816950485    0.5530466274759478  0.007118613481319061
  0.5530466274759478   -0.5672031816950485  0.007118613481319061
 -0.9858434457808993    0.5530466274759478  0.007118613481319061
  0.5530466274759478   -0.9858434457808993  0.007118613481319061
 -0.9858434457808993   -0.5672031816950485  0.007118613481319061
 -0.5672031816950485   -0.9858434457808993  0.007118613481319061
 -0.7450954558444411    0.7308581336273994  0.005748975863146821
  0.7308581336273994   -0.7450954558444411  0.005748975863146821
 -0.9857626777829582    0.7308581336273994  0.005748975863146821
  0.7308581336273994   -0.9857626777829582  0.005748975863146821
 -0.9857626777829582   -0.7450954558444411  0.005748975863146821
 -0.7450954558444411   -0.9857626777829582  0.005748975863146821
 -0.3563881251032348    0.3419638647292541  0.008219754092596211
   0.341963864729254   -0.3563881251032348  0.008219754092596211
 -0.9855757396260192    0.3419638647292541  0.008219754092596211
  0.3419638647292541   -0.9855757396260192  0.008219754092596211
 -0.9855757396260192   -0.3563881251032348  0.008219754092596211
 -0.3563881251032348   -0.9855757396260192  0.008219754092596211
 -0.1261075839700802    0.1116504083192891  0.008736048538056465
  0.1116504083192891   -0.1261075839700801  0.008736048538056465
 -0.9855428243492089    0.1116504083192891  0.008736048538056465
  0.1116504083192891    -0.985542824349209  0.008736048538056465
  -0.985542824349209   -0.1261075839700801  0.008736048538056465
 -0.1261075839700801    -0.985542824349209  0.008736048538056465
 -0.8250239220435163    0.7549619335509347  0.009662828719753392
  0.7549619335509345   -0.8250239220435163  0.009662828719753392
 -0.9299380115074183    0.7549619335509347  0.009662828719753392
  0.7549619335509345   -0.9299380115074183  0.009662828719753392
 -0.9299380115074183   -0.8250239220435163  0.009662828719753392
 -0.8250239220435163   -0.9299380115074183  0.009662828719753392
 -0.4824142844657389    0.4085940789126264   0.01673041006395799
  0.4085940789126265   -0.4824142844657388   0.01673041006395799
 -0.9261797944468877    0.4085940789126264   0.01673041006395799
  0.4085940789126264   -0.9261797944468877   0.01673041006395799
 -0.9261797944468877   -0.4824142844657388   0.01673041006395799
 -0.4824142844657389   -0.9261797944468877   0.01673041006395799
 -0.6713084368122453    0.5970425536948585   0.01440882600167048
  0.5970425536948585   -0.6713084368122453   0.01440882600167048
 -0.9257341168826132    0.5970425536948585   0.01440882600167048
  0.5970425536948585   -0.9257341168826132   0.01440882600167048
 -0.9257341168826132   -0.6713084368122453   0.01440882600167048
 -0.6713084368122453   -0.9257341168826132   0.01440882600167048
  -0.266470966688401    0.1906856513002649    0.0191861791560642
  0.1906856513002648   -0.2664709666884011    0.0191861791560642
 -0.9242146846118637    0.1906856513002649    0.0191861791560642
  0.1906856513002649   -0.9242146846118637    0.0191861791560642
 -0.9242146846118637   -0.2664709666884011    0.0191861791560642
  -0.266470966688401   -0.9242146846118637    0.0191861791560642
 -0.7725217353205427    0.6080338638385233   0.01288717712588683
  0.6080338638385232   -0.7725217353205427   0.01288717712588683
 -0.8355121285179805    0.6080338638385233   0.01288717712588683
  0.6080338638385233   -0.8355121285179804   0.01288717712588683
 -0.8355121285179805   -0.7725217353205427   0.01288717712588683
 -0.7725217353205428   -0.8355121285179804   0.01288717712588683
 -0.4745673014094537    0.3002760438838012   0.02063130942688716
  0.3002760438838012   -0.4745673014094537   0.02063130942688716
 -0.8257087424743474    0.3002760438838012   0.02063130942688716
  0.3002760438838012   -0.8257087424743474   0.02063130942688716
 -0.8257087424743474   -0.4745673014094537   0.02063130942688716
 -0.4745673014094537   -0.8257087424743474   0.02063130942688716
 -0.6358152172924656    0.4537406784907086   0.01931711045830807
  0.4537406784907085   -0.6358152172924656   0.01931711045830807
 -0.8179254611982429    0.4537406784907086   0.01931711045830807
  0.4537406784907086   -0.8179254611982429   0.01931711045830807
 -0.8179254611982429   -0.6358152172924656   0.01931711045830807
 -0.6358152172924656   -0.8179254611982429   0.01931711045830807
 -0.2913649647780472    0.1057722258169809   0.02594459133449638
  0.1057722258169809   -0.2913649647780472   0.02594459133449638
 -0.8144072610389337    0.1057722258169809   0.02594459133449638
  0.1057722258169808   -0.8144072610389337   0.02594459133449638
 -0.8144072610389337   -0.2913649647780472   0.02594459133449638
 -0.2913649647780472   -0.8144072610389337   0.02594459133449638
 -0.4868300118451001    0.1736928302777948   0.02954929307147006
  0.1736928302777948      -0.4868300118451   0.02954929307147006
 -0.6868628184326946    0.1736928302777948   0.02954929307147006
  0.1736928302777948   -0.6868628184326946   0.02954929307147006
 -0.6868628184326946      -0.4868300118451   0.02954929307147006
 -0.4868300118451001   -0.6868628184326946   0.02954929307147006
 -0.3000765348366039  -0.04698992316195749   0.03484893112517019
-0.04698992316195749   -0.3000765348366039   0.03484893112517019
 -0.6529335420014386  -0.04698992316195749   0.03484893112517019
-0.04698992316195752   -0.6529335420014386   0.03484893112517019
 -0.6529335420014386   -0.3000765348366039   0.03484893112517019
 -0.3000765348366039   -0.6529335420014386   0.03484893112517019

