# Rule degree: 31
   -0.3333333333333333     -0.3333333333333333      0.0273150821709298
      -0.9680330888067      0.9360661776134001    0.002191171833868687
    0.9360661776134002        -0.9680330888067    0.002191171833868687
      -0.9680330888067        -0.9680330888067    0.002191171833868687
   -0.8860343681323034      0.7720687362646068    0.007171029733346594
    0.7720687362646068     -0.8860343681323033    0.007171029733346594
   -0.8860343681323035     -0.8860343681323033    0.007171029733346594
    -0.783849326838624      0.5676986536772479     0.00464921985320639
    0.5676986536772479      -0.783849326838624     0.00464921985320639
    -0.783849326838624      -0.783849326838624     0.00464921985320639
   -0.7478572671287265      0.4957145342574529     0.01336480765342278
    0.4957145342574529     -0.7478572671287265     0.01336480765342278
   -0.7478572671287265     -0.7478572671287265     0.01336480765342278
    -0.648010964552007       0.296021929104014     0.01953416071779787
     0.296021929104014     -0.6480109645520069     0.01953416071779787
    -0.648010964552007     -0.6480109645520069     0.01953416071779787
   -0.5309360350062022     0.06187207001240452     0.02247483965392291
    0.0618720700124045     -0.5309360350062022     0.02247483965392291
   -0.5309360350062022     -0.5309360350062022     0.02247483965392291
   -0.4305010095821611     -0.1389979808356778     0.02614027890584763
   -0.1389979808356778     -0.4305010095821611     0.02614027890584763
   -0.4305010095821611     -0.4305010095821611     0.02614027890584763
   -0.2413598374891552     -0.5172803250216895      0.0263996927153363
   -0.5172803250216895     -0.2413598374891552      0.0263996927153363
   -0.2413598374891552     -0.2413598374891552      0.0263996927153363
   -0.1617288196728089     -0.6765423606543821     0.02401468293755305
   -0.6765423606543821     -0.1617288196728089     0.02401468293755305
   -0.1617288196728089     -0.1617288196728089     0.02401468293755305
  -0.09907295511430214     -0.8018540897713957     0.02009057892274124
   -0.8018540897713957    -0.09907295511430214     0.02009057892274124
  -0.09907295511430214    -0.09907295511430214     0.02009057892274124
  -0.01362032435144278     -0.9727593512971144    0.008615736030220426
   -0.9727593512971144    -0.01362032435144278    0.008615736030220426
  -0.01362032435144278    -0.01362032435144278    0.008615736030220426
-2.038602620046959e-11     -0.9999999999592279    0.001469354060994922
   -0.9999999999592279  -2.038597068931836e-11    0.001469354060994922
-2.038602620046959e-11  -2.038597068931836e-11    0.001469354060994922
   -0.9807654836272552       0.978458679503265   0.0003815972298582791
     0.978458679503265     -0.9807654836272552   0.0003815972298582791
   -0.9976931958760098       0.978458679503265   0.0003815972298582791
     0.978458679503265     -0.9976931958760098   0.0003815972298582791
   -0.9976931958760098     -0.9807654836272552   0.0003815972298582791
   -0.9807654836272552     -0.9976931958760098   0.0003815972298582791
   -0.9233298812090892      0.9163049575101463    0.001394250181618626
    0.9163049575101463     -0.9233298812090893    0.001394250181618626
   -0.9929750763010571      0.9163049575101463    0.001394250181618626
    0.9163049575101463      -0.992975076301057    0.001394250181618626
    -0.992975076301057     -0.9233298812090893    0.001394250181618626
   -0.9233298812090893      -0.992975076301057    0.001394250181618626
   -0.3887492381946487      0.3810508150028045    0.003710992061518201
    0.3810508150028045     -0.3887492381946487    0.003710992061518201
   -0.9923015768081558      0.3810508150028045    0.003710992061518201
    0.3810508150028045     -0.9923015768081558    0.003710992061518201
   -0.9923015768081558     -0.3887492381946487    0.003710992061518201
   -0.3887492381946487     -0.9923015768081558    0.003710992061518201
   -0.5630887134022051      0.5539654484780905    0.003756313218284552
    0.5539654484780905     -0.5630887134022051    0.003756313218284552
   -0.9908767350758854      0.5539654484780905    0.003756313218284552
    0.5539654484780904     -0.9908767350758855    0.003756313218284552
   -0.9908767350758854     -0.5630887134022051    0.003756313218284552
    -0.563088713402205     -0.9908767350758855    0.003756313218284552
   -0.8320885794380116      0.8222491441522819    0.002691830460349568
    0.8222491441522819     -0.8320885794380115    0.002691830460349568
   -0.9901605647142703      0.8222491441522819    0.002691830460349568
    0.8222491441522819     -0.9901605647142704    0.002691830460349568
   -0.9901605647142704     -0.8320885794380115    0.002691830460349568
   -0.8320885794380115     -0.9901605647142704    0.002691830460349568
   -0.1989102536375539      0.1884271254412107    0.005159838101870157
    0.1884271254412107      -0.198910253637554    0.005159838101870157
   -0.9895168718036567      0.1884271254412107    0.005159838101870157
    0.1884271254412107     -0.9895168718036567    0.005159838101870157
   -0.9895168718036567      -0.198910253637554    0.005159838101870157
   -0.1989102536375539     -0.9895168718036567    0.005159838101870157
    -0.710892233617999      0.7003257820294237     0.00365050762997749
    0.7003257820294237      -0.710892233617999     0.00365050762997749
   -0.9894335484114247      0.7003257820294237     0.00365050762997749
    0.7003257820294237     -0.9894335484114247     0.00365050762997749
   -0.9894335484114247      -0.710892233617999     0.00365050762997749
    -0.710892233617999     -0.9894335484114247     0.00365050762997749
   -0.3606998897359371      0.3179287143680352    0.008098354838387053
    0.3179287143680352     -0.3606998897359371    0.008098354838387053
   -0.9572288246320981      0.3179287143680352    0.008098354838387053
    0.3179287143680352      -0.957228824632098    0.008098354838387053
   -0.9572288246320981     -0.3606998897359371    0.008098354838387053
   -0.3606998897359371      -0.957228824632098    0.008098354838387053
    -0.900886838316216      0.8570116050762147    0.004401573173758763
    0.8570116050762147     -0.9008868383162159    0.004401573173758763
   -0.9561247667599987      0.8570116050762147    0.004401573173758763
    0.8570116050762147     -0.9561247667599988    0.004401573173758763
   -0.9561247667599988     -0.9008868383162159    0.004401573173758763
   -0.9008868383162159     -0.9561247667599988    0.004401573173758763
   -0.5182443089631084      0.4736014586445172    0.007744712004286558
    0.4736014586445172     -0.5182443089631084    0.007744712004286558
   -0.9553571496814088      0.4736014586445172    0.007744712004286558
    0.4736014586445172     -0.9553571496814088    0.007744712004286558
   -0.9553571496814088     -0.5182443089631084    0.007744712004286558
   -0.5182443089631084     -0.9553571496814088    0.007744712004286558
   -0.7984355768141316      0.7449579284858836    0.007044245288004946
    0.7449579284858836     -0.7984355768141316    0.007044245288004946
    -0.946522351671752      0.7449579284858836    0.007044245288004946
    0.7449579284858836      -0.946522351671752    0.007044245288004946
    -0.946522351671752     -0.7984355768141316    0.007044245288004946
   -0.7984355768141316      -0.946522351671752    0.007044245288004946
   -0.6671474117873064       0.613145319847141    0.008634542614674388
     0.613145319847141     -0.6671474117873064    0.008634542614674388
   -0.9459979080598346       0.613145319847141    0.008634542614674388
     0.613145319847141     -0.9459979080598346    0.008634542614674388
   -0.9459979080598346     -0.6671474117873064    0.008634542614674388
   -0.6671474117873064     -0.9459979080598346    0.008634542614674388
   -0.1953224514102503      0.1401357077437206    0.009954069616225785
    0.1401357077437206     -0.1953224514102503    0.009954069616225785
   -0.9448132563334704      0.1401357077437206    0.009954069616225785
    0.1401357077437206     -0.9448132563334704    0.009954069616225785
   -0.9448132563334704     -0.1953224514102503    0.009954069616225785
   -0.1953224514102503     -0.9448132563334704    0.009954069616225785
   -0.1065185358145315    0.009648537532623847    0.009708467156071279
  0.009648537532623847     -0.1065185358145315    0.009708467156071279
   -0.9031300017180923    0.009648537532623847    0.009708467156071279
  0.009648537532623874     -0.9031300017180923    0.009708467156071279
   -0.9031300017180923     -0.1065185358145315    0.009708467156071279
   -0.1065185358145315     -0.9031300017180923    0.009708467156071279
    -0.360041473920564      0.2550889378062988      0.0122645996905501
    0.2550889378062988      -0.360041473920564      0.0122645996905501
   -0.8950474638857349      0.2550889378062988      0.0122645996905501
    0.2550889378062988     -0.8950474638857349      0.0122645996905501
   -0.8950474638857349      -0.360041473920564      0.0122645996905501
    -0.360041473920564     -0.8950474638857349      0.0122645996905501
   -0.5256518089054678       0.414422128269317     0.01306486972332648
     0.414422128269317     -0.5256518089054678     0.01306486972332648
   -0.8887703193638492       0.414422128269317     0.01306486972332648
     0.414422128269317     -0.8887703193638492     0.01306486972332648
   -0.8887703193638492     -0.5256518089054678     0.01306486972332648
   -0.5256518089054678     -0.8887703193638492     0.01306486972332648
   -0.7872997785447875      0.6582853392052446    0.009528453759258999
    0.6582853392052446     -0.7872997785447875    0.009528453759258999
   -0.8709855606604571      0.6582853392052446    0.009528453759258999
    0.6582853392052446     -0.8709855606604571    0.009528453759258999
   -0.8709855606604571     -0.7872997785447875    0.009528453759258999
   -0.7872997785447875     -0.8709855606604571    0.009528453759258999
   -0.6719508935631326      0.5410128866199287     0.01174452320295277
    0.5410128866199289     -0.6719508935631326     0.01174452320295277
   -0.8690619930567962      0.5410128866199287     0.01174452320295277
    0.5410128866199289     -0.8690619930567962     0.01174452320295277
   -0.8690619930567962     -0.6719508935631326     0.01174452320295277
   -0.6719508935631326     -0.8690619930567962     0.01174452320295277
   -0.2475654263875817     0.09578148008470944     0.01552032374255469
   0.09578148008470944     -0.2475654263875817     0.01552032374255469
   -0.8482160536971277     0.09578148008470944     0.01552032374255469
   0.09578148008470941     -0.8482160536971277     0.01552032374255469
   -0.8482160536971277     -0.2475654263875817     0.01552032374255469
   -0.2475654263875817     -0.8482160536971277     0.01552032374255469
   -0.4469490842184978      0.2485705778107087     0.01795955164444108
    0.2485705778107086     -0.4469490842184978     0.01795955164444108
   -0.8016214935922108      0.2485705778107087     0.01795955164444108
    0.2485705778107087     -0.8016214935922107     0.01795955164444108
   -0.8016214935922108     -0.4469490842184978     0.01795955164444108
   -0.4469490842184978     -0.8016214935922107     0.01795955164444108
   -0.6087889349111475      0.3886775648825311     0.01711042264636725
    0.3886775648825311     -0.6087889349111475     0.01711042264636725
   -0.7798886299713836      0.3886775648825311     0.01711042264636725
    0.3886775648825311     -0.7798886299713836     0.01711042264636725
   -0.7798886299713836     -0.6087889349111475     0.01711042264636725
   -0.6087889349111475     -0.7798886299713836     0.01711042264636725
   -0.3076496081573543     0.04733368247636471     0.02156708683510912
   0.04733368247636471     -0.3076496081573543     0.02156708683510912
   -0.7396840743190105     0.04733368247636471     0.02156708683510912
   0.04733368247636471     -0.7396840743190105     0.02156708683510912
   -0.7396840743190105     -0.3076496081573543     0.02156708683510912
   -0.3076496081573543     -0.7396840743190105     0.02156708683510912
   -0.4938854370333344      0.1704555828412131     0.02134012686092203
    0.1704555828412131     -0.4938854370333344     0.02134012686092203
   -0.6765701458078787      0.1704555828412131     0.02134012686092203
    0.1704555828412131     -0.6765701458078787     0.02134012686092203
   -0.6765701458078788     -0.4938854370333344     0.02134012686092203
   -0.4938854370333344     -0.6765701458078787     0.02134012686092203
   -0.3573931073273738    -0.04190038336443075     0.02429179144868085
  -0.04190038336443075     -0.3573931073273738     0.02429179144868085
   -0.6007065093081954    -0.04190038336443075     0.02429179144868085
  -0.04190038336443078     -0.6007065093081954     0.02429179144868085
   -0.6007065093081954     -0.3573931073273738     0.02429179144868085
   -0.3573931073273738     -0.6007065093081954     0.02429179144868085

