# Rule degree: 31
  -0.3333333333333333    -0.3333333333333333    0.01431592047972058
  -0.9987789084668588     0.9975578169337176  9.986425844035694e-05
   0.9975578169337176    -0.9987789084668588  9.986425844035694e-05
  -0.9987789084668588    -0.9987789084668588  9.986425844035694e-05
  -0.9236254524521772     0.8472509049043544  0.0003893623862701125
   0.8472509049043544    -0.9236254524521772  0.0003893623862701125
  -0.9236254524521772    -0.9236254524521772  0.0003893623862701125
  -0.8460775396333134     0.6921550792666269   0.009184690843428711
   0.6921550792666269    -0.8460775396333133   0.009184690843428711
  -0.8460775396333136    -0.8460775396333133   0.009184690843428711
  -0.8009919598718456     0.6019839197436911   0.002325503788253381
   0.6019839197436911    -0.8009919598718456   0.002325503788253381
  -0.8009919598718456    -0.8009919598718456   0.002325503788253381
  -0.7066138347776882     0.4132276695553765    0.01822003149827381
   0.4132276695553765    -0.7066138347776882    0.01822003149827381
  -0.7066138347776882    -0.7066138347776882    0.01822003149827381
  -0.4450132475811991    -0.1099735048376018    0.02392268612940504
  -0.1099735048376018     -0.445013247581199    0.02392268612940504
  -0.4450132475811991     -0.445013247581199    0.02392268612940504
  -0.2688578734559982    -0.4622842530880036    0.02408444988058016
  -0.4622842530880036    -0.2688578734559983    0.02408444988058016
  -0.2688578734559982    -0.2688578734559983    0.02408444988058016
   -0.168218408077451    -0.6635631838450979    0.02195748316263283
  -0.6635631838450979     -0.168218408077451    0.02195748316263283
   -0.168218408077451     -0.168218408077451    0.02195748316263283
 -0.06397306818502957    -0.8720538636299409    0.01808806931686282
  -0.8720538636299409   -0.06397306818502951    0.01808806931686282
 -0.06397306818502957   -0.06397306818502951    0.01808806931686282
  -0.7374742273466655      0.737474227341403   0.001091143758026008
    0.737474227341403    -0.7374742273466655   0.001091143758026008
  -0.9999999999947375      0.737474227341403   0.001091143758026008
    0.737474227341403    -0.9999999999947375   0.001091143758026008
  -0.9999999999947375    -0.7374742273466655   0.001091143758026008
  -0.7374742273466655    -0.9999999999947375   0.001091143758026008
  -0.8937283120063929     0.8902462441569408   0.001081206431724128
   0.8902462441569408    -0.8937283120063928   0.001081206431724128
  -0.9965179321505478     0.8902462441569408   0.001081206431724128
   0.8902462441569408     -0.996517932150548   0.001081206431724128
   -0.996517932150548    -0.8937283120063928   0.001081206431724128
  -0.8937283120063928     -0.996517932150548   0.001081206431724128
  -0.5616689028035027     0.5577903846222667   0.002149876734445047
   0.5577903846222667    -0.5616689028035027   0.002149876734445047
   -0.996121481818764     0.5577903846222667   0.002149876734445047
   0.5577903846222667     -0.996121481818764   0.002149876734445047
   -0.996121481818764    -0.5616689028035027   0.002149876734445047
  -0.5616689028035027     -0.996121481818764   0.002149876734445047
   -0.384179191245359     0.3759135749215729   0.003880091775527706
    0.375913574921573    -0.3841791912453589   0.003880091775527706
   -0.991734383676214     0.3759135749215729   0.003880091775527706
   0.3759135749215729     -0.991734383676214   0.003880091775527706
   -0.991734383676214    -0.3841791912453589   0.003880091775527706
   -0.384179191245359     -0.991734383676214   0.003880091775527706
  -0.9669658079807991     0.9582771693656555   0.001095168406826415
   0.9582771693656555     -0.966965807980799   0.001095168406826415
  -0.9913113613848564     0.9582771693656555   0.001095168406826415
   0.9582771693656555    -0.9913113613848565   0.001095168406826415
  -0.9913113613848565     -0.966965807980799   0.001095168406826415
   -0.966965807980799    -0.9913113613848565   0.001095168406826415
  -0.1977849799862184     0.1880085710651594   0.004777022212490985
   0.1880085710651595    -0.1977849799862183   0.004777022212490985
  -0.9902235910789412     0.1880085710651594   0.004777022212490985
   0.1880085710651595    -0.9902235910789412   0.004777022212490985
  -0.9902235910789412    -0.1977849799862183   0.004777022212490985
  -0.1977849799862183    -0.9902235910789412   0.004777022212490985
-0.005375018431778289  -0.004828787521698186   0.002532653170582702
-0.004828787521698186  -0.005375018431778289   0.002532653170582702
  -0.9897961940465234  -0.004828787521698186   0.002532653170582702
  -0.0048287875216982    -0.9897961940465234   0.002532653170582702
  -0.9897961940465234  -0.005375018431778289   0.002532653170582702
-0.005375018431778303    -0.9897961940465234   0.002532653170582702
  -0.8232810046971806     0.8044904251089782   0.003721378206883808
   0.8044904251089782    -0.8232810046971806   0.003721378206883808
  -0.9812094204117976     0.8044904251089782   0.003721378206883808
   0.8044904251089782    -0.9812094204117976   0.003721378206883808
  -0.9812094204117976    -0.8232810046971806   0.003721378206883808
  -0.8232810046971806    -0.9812094204117976   0.003721378206883808
  -0.6644778483857265     0.6397293597545031   0.005711716044964116
   0.6397293597545031    -0.6644778483857265   0.005711716044964116
  -0.9752515113687765     0.6397293597545031   0.005711716044964116
   0.6397293597545031    -0.9752515113687765   0.005711716044964116
  -0.9752515113687765    -0.6644778483857265   0.005711716044964116
  -0.6644778483857265    -0.9752515113687765   0.005711716044964116
   -0.925301504849365     0.8930171457389182   0.003139671540954785
   0.8930171457389182    -0.9253015048493649   0.003139671540954785
  -0.9677156408895532     0.8930171457389182   0.003139671540954785
   0.8930171457389183    -0.9677156408895532   0.003139671540954785
  -0.9677156408895533    -0.9253015048493649   0.003139671540954785
   -0.925301504849365    -0.9677156408895532   0.003139671540954785
  -0.5050470171609478     0.4687964000831149   0.008221974476685642
   0.4687964000831149    -0.5050470171609478   0.008221974476685642
  -0.9637493829221671     0.4687964000831149   0.008221974476685642
   0.4687964000831149    -0.9637493829221671   0.008221974476685642
  -0.9637493829221671    -0.5050470171609478   0.008221974476685642
  -0.5050470171609478    -0.9637493829221671   0.008221974476685642
  -0.7543632198413419     0.7178005957074904   0.002667806580656172
   0.7178005957074904    -0.7543632198413419   0.002667806580656172
  -0.9634373758661485     0.7178005957074904   0.002667806580656172
   0.7178005957074904    -0.9634373758661485   0.002667806580656172
  -0.9634373758661485    -0.7543632198413419   0.002667806580656172
  -0.7543632198413419    -0.9634373758661485   0.002667806580656172
  -0.3195097665725052     0.2718390807741895    0.01037607063089871
   0.2718390807741894    -0.3195097665725052    0.01037607063089871
  -0.9523293142016843     0.2718390807741895    0.01037607063089871
   0.2718390807741895    -0.9523293142016843    0.01037607063089871
  -0.9523293142016842    -0.3195097665725052    0.01037607063089871
  -0.3195097665725052    -0.9523293142016843    0.01037607063089871
  -0.1255499584121987    0.07294644582498727    0.01165167862559369
  0.07294644582498733    -0.1255499584121986    0.01165167862559369
  -0.9473964874127887    0.07294644582498727    0.01165167862559369
   0.0729464458249873    -0.9473964874127887    0.01165167862559369
  -0.9473964874127887    -0.1255499584121986    0.01165167862559369
  -0.1255499584121987    -0.9473964874127887    0.01165167862559369
   -0.868702038465812     0.7988741527152177   0.005964629777258319
   0.7988741527152177     -0.868702038465812   0.005964629777258319
  -0.9301721142494057     0.7988741527152177   0.005964629777258319
   0.7988741527152177    -0.9301721142494057   0.005964629777258319
  -0.9301721142494057     -0.868702038465812   0.005964629777258319
   -0.868702038465812    -0.9301721142494057   0.005964629777258319
  -0.7618779641420472     0.6780795272081717   0.008478545565668832
   0.6780795272081717    -0.7618779641420472   0.008478545565668832
  -0.9162015630661244     0.6780795272081717   0.008478545565668832
   0.6780795272081717    -0.9162015630661244   0.008478545565668832
  -0.9162015630661244    -0.7618779641420472   0.008478545565668832
  -0.7618779641420472    -0.9162015630661244   0.008478545565668832
  -0.6210182105505362     0.5329226851325317     0.0119998034035521
   0.5329226851325317    -0.6210182105505362     0.0119998034035521
  -0.9119044745819955     0.5329226851325317     0.0119998034035521
   0.5329226851325317    -0.9119044745819955     0.0119998034035521
  -0.9119044745819955    -0.6210182105505362     0.0119998034035521
  -0.6210182105505362    -0.9119044745819955     0.0119998034035521
  -0.4523191200671071     0.3475942517567714    0.01461277658458778
   0.3475942517567714    -0.4523191200671071    0.01461277658458778
  -0.8952751316896643     0.3475942517567714    0.01461277658458778
   0.3475942517567714    -0.8952751316896643    0.01461277658458778
  -0.8952751316896643    -0.4523191200671071    0.01461277658458778
  -0.4523191200671071    -0.8952751316896643    0.01461277658458778
  -0.2632407679660647     0.1412864672481534    0.01708191195527001
   0.1412864672481535    -0.2632407679660646    0.01708191195527001
  -0.8780456992820889     0.1412864672481534    0.01708191195527001
   0.1412864672481534    -0.8780456992820889    0.01708191195527001
  -0.8780456992820889    -0.2632407679660646    0.01708191195527001
  -0.2632407679660647    -0.8780456992820889    0.01708191195527001
   -0.722337679856816     0.5516158374234508    0.01308023041508657
   0.5516158374234508     -0.722337679856816    0.01308023041508657
  -0.8292781575666348     0.5516158374234508    0.01308023041508657
   0.5516158374234508    -0.8292781575666348    0.01308023041508657
  -0.8292781575666348     -0.722337679856816    0.01308023041508657
   -0.722337679856816    -0.8292781575666348    0.01308023041508657
  -0.5801424432139189     0.3940198686065544    0.01728038923886243
   0.3940198686065544    -0.5801424432139191    0.01728038923886243
  -0.8138774253926354     0.3940198686065544    0.01728038923886243
   0.3940198686065544    -0.8138774253926353    0.01728038923886243
  -0.8138774253926353    -0.5801424432139191    0.01728038923886243
  -0.5801424432139191    -0.8138774253926353    0.01728038923886243
  -0.4104549884299149     0.2047616367107263    0.01995368038101276
   0.2047616367107263    -0.4104549884299149    0.01995368038101276
  -0.7943066482808114     0.2047616367107263    0.01995368038101276
   0.2047616367107263    -0.7943066482808114    0.01995368038101276
  -0.7943066482808114    -0.4104549884299149    0.01995368038101276
  -0.4104549884299149    -0.7943066482808114    0.01995368038101276
  -0.2170131341535364  -0.008681175678750153    0.02246768248341027
-0.008681175678750153    -0.2170131341535364    0.02246768248341027
  -0.7743056901677134  -0.008681175678750153    0.02246768248341027
-0.008681175678750166    -0.7743056901677134    0.02246768248341027
  -0.7743056901677134    -0.2170131341535364    0.02246768248341027
  -0.2170131341535364    -0.7743056901677134    0.02246768248341027
  -0.5582531735769281     0.2462708967089738    0.02172834016826505
   0.2462708967089738    -0.5582531735769281    0.02172834016826505
  -0.6880177231320457     0.2462708967089738    0.02172834016826505
   0.2462708967089738    -0.6880177231320457    0.02172834016826505
  -0.6880177231320457    -0.5582531735769281    0.02172834016826505
  -0.5582531735769281    -0.6880177231320457    0.02172834016826505
  -0.3801820955103801         0.057918923628    0.02118718631094221
       0.057918923628    -0.3801820955103801    0.02118718631094221
  -0.6777368281176199         0.057918923628    0.02118718631094221
  0.05791892362800002    -0.6777368281176199    0.02118718631094221
  -0.6777368281176199    -0.3801820955103801    0.02118718631094221
  -0.3801820955103801    -0.6777368281176199    0.02118718631094221
  -0.3223760495640921    -0.1000162922204657     0.0205784567038747
  -0.1000162922204657    -0.3223760495640922     0.0205784567038747
  -0.5776076582154421    -0.1000162922204657     0.0205784567038747
  -0.1000162922204657    -0.5776076582154421     0.0205784567038747
  -0.5776076582154421    -0.3223760495640922     0.0205784567038747
  -0.3223760495640921    -0.5776076582154421     0.0205784567038747
  -0.5029109111421981    0.07542028879174212    0.01530018437058866
  0.07542028879174209    -0.5029109111421981    0.01530018437058866
   -0.572509377649544    0.07542028879174212    0.01530018437058866
  0.07542028879174215     -0.572509377649544    0.01530018437058866
   -0.572509377649544    -0.5029109111421981    0.01530018437058866
  -0.5029109111421981     -0.572509377649544    0.01530018437058866

