# Rule degree: 37
   -0.9736045096439562      0.9472090192879123   4.703331323695271e-06
    0.9472090192879125     -0.9736045096439562   4.703331323695271e-06
   -0.9736045096439562     -0.9736045096439562   4.703331323695271e-06
   -0.9610009278182018      0.9220018556364036    0.001924346593376482
    0.9220018556364037     -0.9610009278182018    0.001924346593376482
   -0.9610009278182018     -0.9610009278182018    0.001924346593376482
   -0.9068564019052524      0.8137128038105048    0.004412144886720371
    0.8137128038105049     -0.9068564019052524    0.004412144886720371
   -0.9068564019052524     -0.9068564019052524    0.004412144886720371
   -0.8363298891596721      0.6726597783193442     0.00716297686304682
    0.6726597783193442     -0.8363298891596722     0.00716297686304682
    -0.836329889159672     -0.8363298891596722     0.00716297686304682
   -0.6777360881328731      0.3554721762657462     0.01319380256139485
    0.3554721762657462     -0.6777360881328731     0.01319380256139485
   -0.6777360881328731     -0.6777360881328731     0.01319380256139485
   -0.5924205327217067      0.1848410654434133     0.01608697908654756
    0.1848410654434134     -0.5924205327217067     0.01608697908654756
   -0.5924205327217067     -0.5924205327217067     0.01608697908654756
   -0.5050890999903705      0.0101781999807411     0.01837833916675735
    0.0101781999807411     -0.5050890999903705     0.01837833916675735
   -0.5050890999903705     -0.5050890999903705     0.01837833916675735
   -0.4178918784020549     -0.1642162431958902     0.01983450717198328
   -0.1642162431958902     -0.4178918784020549     0.01983450717198328
   -0.4178918784020549     -0.4178918784020549     0.01983450717198328
   -0.3334191939657208     -0.3331616120685583    0.006782107432165107
   -0.3331616120685583     -0.3334191939657209    0.006782107432165107
   -0.3334191939657208     -0.3334191939657209    0.006782107432165107
   -0.1825165790363068     -0.6349668419273864      0.0183587540514508
   -0.6349668419273864     -0.1825165790363068      0.0183587540514508
   -0.1825165790363068     -0.1825165790363068      0.0183587540514508
   -0.1209697179333434     -0.7580605641333131     0.01601666066732584
   -0.7580605641333131     -0.1209697179333435     0.01601666066732584
   -0.1209697179333434     -0.1209697179333435     0.01601666066732584
  -0.07120909207533699      -0.857581815849326     0.01297398116597036
    -0.857581815849326    -0.07120909207533699     0.01297398116597036
  -0.07120909207533699    -0.07120909207533699     0.01297398116597036
  -0.03431908035954201      -0.931361839280916     0.00937967377957007
    -0.931361839280916    -0.03431908035954206     0.00937967377957007
  -0.03431908035954201    -0.03431908035954206     0.00937967377957007
   -0.0107565548468338     -0.9784868903063324    0.005358629336890777
   -0.9784868903063324     -0.0107565548468338    0.005358629336890777
   -0.0107565548468338     -0.0107565548468338    0.005358629336890777
-0.0006735745015349348     -0.9986528509969301    0.001127365460351225
   -0.9986528509969301  -0.0006735745015349348    0.001127365460351225
-0.0006735745015349348  -0.0006735745015349348    0.001127365460351225
   -0.3185483908107245      0.3175922909548418   0.0009777935301982972
    0.3175922909548418     -0.3185483908107244   0.0009777935301982972
   -0.9990439001441174      0.3175922909548418   0.0009777935301982972
    0.3175922909548418     -0.9990439001441174   0.0009777935301982972
   -0.9990439001441174     -0.3185483908107244   0.0009777935301982972
   -0.3185483908107245     -0.9990439001441174   0.0009777935301982972
   -0.6023264839961195      0.6000498215760861   0.0009798695845375982
    0.6000498215760861     -0.6023264839961195   0.0009798695845375982
   -0.9977233375799666      0.6000498215760861   0.0009798695845375982
    0.6000498215760861     -0.9977233375799666   0.0009798695845375982
   -0.9977233375799666     -0.6023264839961195   0.0009798695845375982
   -0.6023264839961195     -0.9977233375799666   0.0009798695845375982
   -0.7226891909163151      0.7170401074909653    0.001622790537485853
    0.7170401074909654     -0.7226891909163151    0.001622790537485853
   -0.9943509165746502      0.7170401074909653    0.001622790537485853
    0.7170401074909654     -0.9943509165746502    0.001622790537485853
   -0.9943509165746502     -0.7226891909163151    0.001622790537485853
   -0.7226891909163151     -0.9943509165746502    0.001622790537485853
    -0.823947933674066      0.8169494586143049    0.001630074117022168
    0.8169494586143049      -0.823947933674066    0.001630074117022168
   -0.9930015249402389      0.8169494586143049    0.001630074117022168
    0.8169494586143049     -0.9930015249402389    0.001630074117022168
   -0.9930015249402389      -0.823947933674066    0.001630074117022168
    -0.823947933674066     -0.9930015249402389    0.001630074117022168
   -0.9921264689189313      0.9849197787058757   0.0001867648730712633
    0.9849197787058757     -0.9921264689189313   0.0001867648730712633
   -0.9927933097869444      0.9849197787058757   0.0001867648730712633
    0.9849197787058757     -0.9927933097869444   0.0001867648730712633
   -0.9927933097869444     -0.9921264689189313   0.0001867648730712633
   -0.9921264689189313     -0.9927933097869444   0.0001867648730712633
   -0.9038458902028503      0.8965507727888683    0.001281758074311431
    0.8965507727888684     -0.9038458902028503    0.001281758074311431
   -0.9927048825860181      0.8965507727888683    0.001281758074311431
    0.8965507727888684     -0.9927048825860181    0.001281758074311431
   -0.9927048825860181     -0.9038458902028503    0.001281758074311431
   -0.9038458902028503     -0.9927048825860181    0.001281758074311431
   -0.9604762850323783      0.9530417859326638   0.0008473681851411246
    0.9530417859326636     -0.9604762850323783   0.0008473681851411246
   -0.9925655009002854      0.9530417859326638   0.0008473681851411246
    0.9530417859326636     -0.9925655009002854   0.0008473681851411246
   -0.9925655009002854     -0.9604762850323783   0.0008473681851411246
   -0.9604762850323783     -0.9925655009002854   0.0008473681851411246
   -0.4678758783967858      0.4604131344924656    0.002716485493670841
    0.4604131344924656     -0.4678758783967858    0.002716485493670841
   -0.9925372560956798      0.4604131344924656    0.002716485493670841
    0.4604131344924656     -0.9925372560956798    0.002716485493670841
   -0.9925372560956798     -0.4678758783967858    0.002716485493670841
   -0.4678758783967858     -0.9925372560956798    0.002716485493670841
   -0.1643061694832348      0.1564768696938921    0.003194392320414053
    0.1564768696938921     -0.1643061694832348    0.003194392320414053
   -0.9921707002106572      0.1564768696938921    0.003194392320414053
    0.1564768696938921     -0.9921707002106572    0.003194392320414053
   -0.9921707002106572     -0.1643061694832348    0.003194392320414053
   -0.1643061694832348     -0.9921707002106572    0.003194392320414053
   -0.6053125153850663      0.5849295531458488    0.003737611310501502
    0.5849295531458489     -0.6053125153850663    0.003737611310501502
   -0.9796170377607827      0.5849295531458488    0.003737611310501502
    0.5849295531458489     -0.9796170377607827    0.003737611310501502
   -0.9796170377607827     -0.6053125153850663    0.003737611310501502
   -0.6053125153850663     -0.9796170377607827    0.003737611310501502
   -0.3239106413754908      0.3032861094758653    0.004970053738602327
    0.3032861094758652     -0.3239106413754909    0.004970053738602327
   -0.9793754681003743      0.3032861094758653    0.004970053738602327
    0.3032861094758653     -0.9793754681003743    0.004970053738602327
   -0.9793754681003743     -0.3239106413754909    0.004970053738602327
   -0.3239106413754908     -0.9793754681003743    0.004970053738602327
   -0.7255755679278388      0.6949105023948379    0.003927911175286908
    0.6949105023948379     -0.7255755679278388    0.003927911175286908
    -0.969334934466999      0.6949105023948379    0.003927911175286908
    0.6949105023948379      -0.969334934466999    0.003927911175286908
    -0.969334934466999     -0.7255755679278388    0.003927911175286908
   -0.7255755679278388      -0.969334934466999    0.003927911175286908
   -0.8261251582833693      0.7894555997151214    0.003707062264463738
    0.7894555997151214     -0.8261251582833693    0.003707062264463738
   -0.9633304414317521      0.7894555997151214    0.003707062264463738
    0.7894555997151214     -0.9633304414317521    0.003707062264463738
   -0.9633304414317521     -0.8261251582833693    0.003707062264463738
   -0.8261251582833693     -0.9633304414317521    0.003707062264463738
   -0.9051054369985165      0.8668596141063211    0.002916405136956942
     0.866859614106321     -0.9051054369985165    0.002916405136956942
   -0.9617541771078044      0.8668596141063211    0.002916405136956942
     0.866859614106321     -0.9617541771078044    0.002916405136956942
   -0.9617541771078044     -0.9051054369985165    0.002916405136956942
   -0.9051054369985165     -0.9617541771078044    0.002916405136956942
   -0.4745929222752235       0.435493487271029    0.006173801091866144
     0.435493487271029     -0.4745929222752235    0.006173801091866144
   -0.9609005649958055       0.435493487271029    0.006173801091866144
     0.435493487271029     -0.9609005649958055    0.006173801091866144
   -0.9609005649958056     -0.4745929222752235    0.006173801091866144
   -0.4745929222752235     -0.9609005649958055    0.006173801091866144
   -0.1772753930520918      0.1359872941939224      0.0072763987749586
    0.1359872941939224     -0.1772753930520918      0.0072763987749586
   -0.9587119011418306      0.1359872941939224      0.0072763987749586
    0.1359872941939224     -0.9587119011418306      0.0072763987749586
   -0.9587119011418306     -0.1772753930520918      0.0072763987749586
   -0.1772753930520918     -0.9587119011418306      0.0072763987749586
   -0.6115483796855543      0.5503661505839694    0.006538494207393573
    0.5503661505839694     -0.6115483796855543    0.006538494207393573
   -0.9388177708984151      0.5503661505839694    0.006538494207393573
    0.5503661505839694     -0.9388177708984151    0.006538494207393573
   -0.9388177708984151     -0.6115483796855543    0.006538494207393573
   -0.6115483796855543     -0.9388177708984151    0.006538494207393573
   -0.3381077508263509      0.2716194569543652    0.008671779034062925
    0.2716194569543653     -0.3381077508263508    0.008671779034062925
   -0.9335117061280145      0.2716194569543652    0.008671779034062925
    0.2716194569543652     -0.9335117061280145    0.008671779034062925
   -0.9335117061280145     -0.3381077508263508    0.008671779034062925
   -0.3381077508263509     -0.9335117061280145    0.008671779034062925
   -0.7302984390174099      0.6527400592226577    0.006261142719370814
    0.6527400592226575     -0.7302984390174099    0.006261142719370814
   -0.9224416202052477      0.6527400592226577    0.006261142719370814
    0.6527400592226575     -0.9224416202052477    0.006261142719370814
   -0.9224416202052477     -0.7302984390174099    0.006261142719370814
   -0.7302984390174099     -0.9224416202052477    0.006261142719370814
   -0.8293156841481615       0.740119263254291    0.005595072395099722
     0.740119263254291     -0.8293156841481615    0.005595072395099722
   -0.9108035791061295       0.740119263254291    0.005595072395099722
     0.740119263254291     -0.9108035791061295    0.005595072395099722
   -0.9108035791061295     -0.8293156841481615    0.005595072395099722
   -0.8293156841481615     -0.9108035791061295    0.005595072395099722
   -0.4883565625179602      0.3927673590173424    0.009322446276148562
    0.3927673590173424     -0.4883565625179602    0.009322446276148562
   -0.9044107964993822      0.3927673590173424    0.009322446276148562
    0.3927673590173424     -0.9044107964993822    0.009322446276148562
   -0.9044107964993822     -0.4883565625179602    0.009322446276148562
   -0.4883565625179602     -0.9044107964993822    0.009322446276148562
   -0.2023721066393379       0.100937179941385     0.01102615203856498
     0.100937179941385      -0.202372106639338     0.01102615203856498
    -0.898565073302047       0.100937179941385     0.01102615203856498
    0.1009371799413849      -0.898565073302047     0.01102615203856498
    -0.898565073302047      -0.202372106639338     0.01102615203856498
   -0.2023721066393379      -0.898565073302047     0.01102615203856498
   -0.6236820218215442      0.4986051414039085    0.009103000847866527
    0.4986051414039085     -0.6236820218215442    0.009103000847866527
   -0.8749231195823644      0.4986051414039085    0.009103000847866527
    0.4986051414039085     -0.8749231195823644    0.009103000847866527
   -0.8749231195823644     -0.6236820218215442    0.009103000847866527
   -0.6236820218215442     -0.8749231195823644    0.009103000847866527
   -0.3632303459466283       0.224946608735014      0.0119892593330787
    0.2249466087350141     -0.3632303459466282      0.0119892593330787
   -0.8617162627883858       0.224946608735014      0.0119892593330787
     0.224946608735014     -0.8617162627883858      0.0119892593330787
   -0.8617162627883859     -0.3632303459466282      0.0119892593330787
   -0.3632303459466283     -0.8617162627883858      0.0119892593330787
   -0.7400924534242139      0.5928960899905342    0.008378479850271833
    0.5928960899905342     -0.7400924534242139    0.008378479850271833
   -0.8528036365663203      0.5928960899905342    0.008378479850271833
    0.5928960899905342     -0.8528036365663203    0.008378479850271833
   -0.8528036365663203     -0.7400924534242139    0.008378479850271833
   -0.7400924534242139     -0.8528036365663203    0.008378479850271833
   -0.5125232832438118      0.3358114672154793     0.01211212949760395
    0.3358114672154793     -0.5125232832438118     0.01211212949760395
   -0.8232881839716675      0.3358114672154793     0.01211212949760395
    0.3358114672154793     -0.8232881839716675     0.01211212949760395
   -0.8232881839716675     -0.5125232832438118     0.01211212949760395
   -0.5125232832438118     -0.8232881839716675     0.01211212949760395
   -0.2395835000803363     0.05190345480695041     0.01429230786695889
   0.05190345480695041     -0.2395835000803364     0.01429230786695889
    -0.812319954726614     0.05190345480695041     0.01429230786695889
    0.0519034548069504      -0.812319954726614     0.01429230786695889
    -0.812319954726614     -0.2395835000803364     0.01429230786695889
   -0.2395835000803363      -0.812319954726614     0.01429230786695889
   -0.6460919599209687      0.4336154619129922     0.01140649469328721
    0.4336154619129922     -0.6460919599209687     0.01140649469328721
   -0.7875235019920235      0.4336154619129922     0.01140649469328721
    0.4336154619129922     -0.7875235019920235     0.01140649469328721
   -0.7875235019920235     -0.6460919599209687     0.01140649469328721
   -0.6460919599209687     -0.7875235019920235     0.01140649469328721
   -0.3997242622221938      0.1647025876910067     0.01479417535170166
    0.1647025876910066     -0.3997242622221939     0.01479417535170166
   -0.7649783254688128      0.1647025876910067     0.01479417535170166
    0.1647025876910066     -0.7649783254688128     0.01479417535170166
   -0.7649783254688127     -0.3997242622221939     0.01479417535170166
   -0.3997242622221938     -0.7649783254688128     0.01479417535170166
   -0.7588896155503362      0.5201104469225073    0.005092521230645709
    0.5201104469225073     -0.7588896155503362    0.005092521230645709
   -0.7612208313721711      0.5201104469225073    0.005092521230645709
    0.5201104469225073     -0.7612208313721711    0.005092521230645709
   -0.7612208313721711     -0.7588896155503362    0.005092521230645709
   -0.7588896155503362     -0.7612208313721711    0.005092521230645709
    -0.547252466997999      0.2659730968617127     0.01439975351594533
    0.2659730968617127      -0.547252466997999     0.01439975351594533
   -0.7187206298637137      0.2659730968617127     0.01439975351594533
    0.2659730968617127     -0.7187206298637135     0.01439975351594533
   -0.7187206298637137      -0.547252466997999     0.01439975351594533
    -0.547252466997999     -0.7187206298637135     0.01439975351594533
   -0.2890229791157285   -0.009585103701769071     0.01695331480124879
 -0.009585103701769071     -0.2890229791157286     0.01695331480124879
   -0.7013919171825025   -0.009585103701769071     0.01695331480124879
 -0.009585103701769043     -0.7013919171825025     0.01695331480124879
   -0.7013919171825025     -0.2890229791157286     0.01695331480124879
   -0.2890229791157285     -0.7013919171825025     0.01695331480124879
   -0.4477372185376025     0.09280635015906696     0.01697875983270802
   0.09280635015906696     -0.4477372185376025     0.01697875983270802
   -0.6450691316214645     0.09280635015906696     0.01697875983270802
   0.09280635015906696     -0.6450691316214646     0.01697875983270802
   -0.6450691316214645     -0.4477372185376025     0.01697875983270802
   -0.4477372185376025     -0.6450691316214646     0.01697875983270802
   -0.3493200151353069    -0.08209013531198561     0.01884869573921683
  -0.08209013531198567     -0.3493200151353069     0.01884869573921683
   -0.5685898495527075    -0.08209013531198561     0.01884869573921683
  -0.08209013531198567     -0.5685898495527075     0.01884869573921683
   -0.5685898495527075     -0.3493200151353069     0.01884869573921683
   -0.3493200151353069     -0.5685898495527075     0.01884869573921683
   -0.2562409868922358     -0.2518553481389164    0.009925328116233192
   -0.2518553481389164     -0.2562409868922358    0.009925328116233192
   -0.4919036649688478     -0.2518553481389164    0.009925328116233192
   -0.2518553481389164     -0.4919036649688478    0.009925328116233192
   -0.4919036649688478     -0.2562409868922358    0.009925328116233192
   -0.2562409868922358     -0.4919036649688478    0.009925328116233192

