# Rule degree: 37
  -0.9919900162417445     0.9839800324834891  0.0004214311490680775
   0.9839800324834891    -0.9919900162417445  0.0004214311490680775
  -0.9919900162417445    -0.9919900162417445  0.0004214311490680775
  -0.7501227459566313     0.5002454919132626    0.01103577674667808
   0.5002454919132626    -0.7501227459566313    0.01103577674667808
  -0.7501227459566313    -0.7501227459566313    0.01103577674667808
  -0.5214357753352955    0.04287155067059101        0.0140813467737
  0.04287155067059101    -0.5214357753352954        0.0140813467737
  -0.5214357753352955    -0.5214357753352954        0.0140813467737
  -0.2126360165444117    -0.5747279669111767    0.02016344877973637
  -0.5747279669111767    -0.2126360165444117    0.02016344877973637
  -0.2126360165444117    -0.2126360165444117    0.02016344877973637
  -0.1414596542721556    -0.7170806914556889    0.01728504306246606
  -0.7170806914556889    -0.1414596542721556    0.01728504306246606
  -0.1414596542721556    -0.1414596542721556    0.01728504306246606
 -0.08566242943328628    -0.8286751411334274    0.01428432496724504
  -0.8286751411334274   -0.08566242943328634    0.01428432496724504
 -0.08566242943328628   -0.08566242943328634    0.01428432496724504
 -0.04171810252019525    -0.9165637949596095    0.01043591746999808
  -0.9165637949596095   -0.04171810252019531    0.01043591746999808
 -0.04171810252019525   -0.04171810252019531    0.01043591746999808
 -0.01270699252408669    -0.9745860149518266   0.005698075085401196
  -0.9745860149518266   -0.01270699252408664   0.005698075085401196
 -0.01270699252408669   -0.01270699252408664   0.005698075085401196
  -0.3155841812955909     0.3126900830322739   0.001545289773101745
   0.3126900830322739    -0.3155841812955909   0.001545289773101745
   -0.997105901736683     0.3126900830322739   0.001545289773101745
   0.3126900830322739     -0.997105901736683   0.001545289773101745
   -0.997105901736683    -0.3155841812955909   0.001545289773101745
  -0.3155841812955909     -0.997105901736683   0.001545289773101745
  -0.9579917865527168     0.9549365771770348  0.0004239062654780599
   0.9549365771770348    -0.9579917865527168  0.0004239062654780599
  -0.9969447906243181     0.9549365771770348  0.0004239062654780599
   0.9549365771770348    -0.9969447906243181  0.0004239062654780599
  -0.9969447906243181    -0.9579917865527168  0.0004239062654780599
  -0.9579917865527168    -0.9969447906243181  0.0004239062654780599
 -0.05943709649663381    0.05544780859071591    0.00118856051027194
  0.05544780859071596   -0.05943709649663376    0.00118856051027194
  -0.9960107120940822    0.05544780859071591    0.00118856051027194
  0.05544780859071592    -0.9960107120940822    0.00118856051027194
  -0.9960107120940822   -0.05943709649663376    0.00118856051027194
  -0.0594370964966338    -0.9960107120940822    0.00118856051027194
  -0.5857995707896388     0.5809642032503248   0.001616988526199458
   0.5809642032503248    -0.5857995707896388   0.001616988526199458
   -0.995164632460686     0.5809642032503248   0.001616988526199458
   0.5809642032503248     -0.995164632460686   0.001616988526199458
   -0.995164632460686    -0.5857995707896388   0.001616988526199458
  -0.5857995707896388     -0.995164632460686   0.001616988526199458
  -0.8114218091210161     0.8061293820338524   0.001393422516523015
   0.8061293820338524    -0.8114218091210161   0.001393422516523015
  -0.9947075729128363     0.8061293820338524   0.001393422516523015
   0.8061293820338524    -0.9947075729128363   0.001393422516523015
  -0.9947075729128363    -0.8114218091210161   0.001393422516523015
  -0.8114218091210161    -0.9947075729128363   0.001393422516523015
  -0.1593281414305288      0.153523729205054   0.001414522091147639
    0.153523729205054    -0.1593281414305288   0.001414522091147639
  -0.9941955877745252      0.153523729205054   0.001414522091147639
   0.1535237292050541    -0.9941955877745251   0.001414522091147639
  -0.9941955877745252    -0.1593281414305288   0.001414522091147639
  -0.1593281414305288    -0.9941955877745251   0.001414522091147639
  -0.7046240588153658     0.6977818872854356   0.001931954506087927
   0.6977818872854356    -0.7046240588153658   0.001931954506087927
  -0.9931578284700697     0.6977818872854356   0.001931954506087927
   0.6977818872854356    -0.9931578284700697   0.001931954506087927
  -0.9931578284700697    -0.7046240588153658   0.001931954506087927
  -0.7046240588153658    -0.9931578284700697   0.001931954506087927
  -0.8980551187433543     0.8903360385454486   0.001434929465795287
   0.8903360385454486    -0.8980551187433543   0.001434929465795287
  -0.9922809198020943     0.8903360385454486   0.001434929465795287
   0.8903360385454486    -0.9922809198020943   0.001434929465795287
  -0.9922809198020943    -0.8980551187433543   0.001434929465795287
  -0.8980551187433543    -0.9922809198020943   0.001434929465795287
  -0.4605199581054695     0.4515391828411934    0.00307522263872537
   0.4515391828411934    -0.4605199581054695    0.00307522263872537
  -0.9910192247357239     0.4515391828411934    0.00307522263872537
   0.4515391828411934    -0.9910192247357239    0.00307522263872537
  -0.9910192247357239    -0.4605199581054695    0.00307522263872537
  -0.4605199581054695    -0.9910192247357239    0.00307522263872537
  -0.2008090508997506     0.1837595528852347   0.003053331032946999
   0.1837595528852347    -0.2008090508997506   0.003053331032946999
  -0.9829505019854841     0.1837595528852347   0.003053331032946999
   0.1837595528852347    -0.9829505019854841   0.003053331032946999
  -0.9829505019854841    -0.2008090508997506   0.003053331032946999
  -0.2008090508997506    -0.9829505019854841   0.003053331032946999
  -0.9581707458640893     0.9379896366342871   0.001078965449430972
   0.9379896366342872    -0.9581707458640893   0.001078965449430972
  -0.9798188907701979     0.9379896366342871   0.001078965449430972
   0.9379896366342872    -0.9798188907701979   0.001078965449430972
  -0.9798188907701979    -0.9581707458640893   0.001078965449430972
  -0.9581707458640893    -0.9798188907701979   0.001078965449430972
  -0.3388702124492744     0.3093799381466854   0.005873937185126599
   0.3093799381466855    -0.3388702124492743   0.005873937185126599
  -0.9705097256974111     0.3093799381466854   0.005873937185126599
   0.3093799381466854    -0.9705097256974112   0.005873937185126599
  -0.9705097256974111    -0.3388702124492743   0.005873937185126599
  -0.3388702124492744    -0.9705097256974112   0.005873937185126599
  -0.6099948275911831     0.5801851564236225    0.00480798108548358
   0.5801851564236225    -0.6099948275911831    0.00480798108548358
  -0.9701903288324394     0.5801851564236225    0.00480798108548358
   0.5801851564236225    -0.9701903288324394    0.00480798108548358
  -0.9701903288324394    -0.6099948275911831    0.00480798108548358
  -0.6099948275911831    -0.9701903288324394    0.00480798108548358
  -0.7460498006205005     0.7151955668779584   0.003546452099438702
   0.7151955668779584    -0.7460498006205005   0.003546452099438702
  -0.9691457662574579     0.7151955668779584   0.003546452099438702
   0.7151955668779584    -0.9691457662574579   0.003546452099438702
  -0.9691457662574579    -0.7460498006205005   0.003546452099438702
  -0.7460498006205005    -0.9691457662574579   0.003546452099438702
  -0.8400494009911192     0.8077813114740533   0.003353641612395838
   0.8077813114740532    -0.8400494009911194   0.003353641612395838
  -0.9677319104829341     0.8077813114740533   0.003353641612395838
   0.8077813114740533    -0.9677319104829341   0.003353641612395838
  -0.9677319104829339    -0.8400494009911194   0.003353641612395838
  -0.8400494009911192    -0.9677319104829341   0.003353641612395838
  -0.9184625542070206     0.8773687942526727   0.002691267566144571
   0.8773687942526727    -0.9184625542070206   0.002691267566144571
  -0.9589062400456521     0.8773687942526727   0.002691267566144571
   0.8773687942526727    -0.9589062400456521   0.002691267566144571
  -0.9589062400456521    -0.9184625542070206   0.002691267566144571
  -0.9184625542070206    -0.9589062400456521   0.002691267566144571
  -0.4886893655764667     0.4441458107377669   0.006342723268338135
    0.444145810737767    -0.4886893655764666   0.006342723268338135
  -0.9554564451613002     0.4441458107377669   0.006342723268338135
   0.4441458107377669    -0.9554564451613002   0.006342723268338135
  -0.9554564451613003    -0.4886893655764666   0.006342723268338135
  -0.4886893655764667    -0.9554564451613002   0.006342723268338135
  -0.1605285078350375     0.1112898569011342   0.007445027759652806
   0.1112898569011342    -0.1605285078350375   0.007445027759652806
  -0.9507613490660967     0.1112898569011342   0.007445027759652806
   0.1112898569011342    -0.9507613490660968   0.007445027759652806
  -0.9507613490660967    -0.1605285078350375   0.007445027759652806
  -0.1605285078350375    -0.9507613490660968   0.007445027759652806
  -0.6942899327983696      0.630713098159305   0.004935628311094637
    0.630713098159305    -0.6942899327983696   0.004935628311094637
  -0.9364231653609354      0.630713098159305   0.004935628311094637
    0.630713098159305    -0.9364231653609354   0.004935628311094637
  -0.9364231653609354    -0.6942899327983696   0.004935628311094637
  -0.6942899327983696    -0.9364231653609354   0.004935628311094637
  -0.3001272735730575     0.2235706309166203   0.008273877714821918
   0.2235706309166204    -0.3001272735730574   0.008273877714821918
  -0.9234433573435629     0.2235706309166203   0.008273877714821918
   0.2235706309166203     -0.923443357343563   0.008273877714821918
   -0.923443357343563    -0.3001272735730574   0.008273877714821918
  -0.3001272735730575     -0.923443357343563   0.008273877714821918
  -0.8795877798065116     0.7993092786958262   0.003678969369852357
   0.7993092786958262    -0.8795877798065117   0.003678969369852357
  -0.9197214988893146     0.7993092786958262   0.003678969369852357
   0.7993092786958262    -0.9197214988893145   0.003678969369852357
  -0.9197214988893145    -0.8795877798065117   0.003678969369852357
  -0.8795877798065117    -0.9197214988893145   0.003678969369852357
  -0.7988233218617861      0.716527417151402   0.005834343637021109
    0.716527417151402    -0.7988233218617862   0.005834343637021109
  -0.9177040952896159      0.716527417151402   0.005834343637021109
    0.716527417151402    -0.9177040952896158   0.005834343637021109
  -0.9177040952896158    -0.7988233218617862   0.005834343637021109
  -0.7988233218617862    -0.9177040952896158   0.005834343637021109
  -0.4304047648276801     0.3411383064101454   0.007969923638702867
   0.3411383064101454    -0.4304047648276801   0.007969923638702867
  -0.9107335415824653     0.3411383064101454   0.007969923638702867
   0.3411383064101454    -0.9107335415824653   0.007969923638702867
  -0.9107335415824653    -0.4304047648276801   0.007969923638702867
  -0.4304047648276801    -0.9107335415824653   0.007969923638702867
   -0.592790813223171     0.5023764131385633   0.008523505666358754
   0.5023764131385633     -0.592790813223171   0.008523505666358754
  -0.9095855999153923     0.5023764131385633   0.008523505666358754
   0.5023764131385633    -0.9095855999153923   0.008523505666358754
  -0.9095855999153923     -0.592790813223171   0.008523505666358754
   -0.592790813223171    -0.9095855999153923   0.008523505666358754
  -0.7113478545300136      0.589964822200479   0.006216432283305579
    0.589964822200479    -0.7113478545300136   0.006216432283305579
  -0.8786169676704654      0.589964822200479   0.006216432283305579
    0.589964822200479    -0.8786169676704654   0.006216432283305579
  -0.8786169676704654    -0.7113478545300136   0.006216432283305579
  -0.7113478545300136    -0.8786169676704654   0.006216432283305579
  -0.2019535816337303    0.07921262382131861    0.01210319426300444
  0.07921262382131861    -0.2019535816337303    0.01210319426300444
  -0.8772590421875883    0.07921262382131861    0.01210319426300444
  0.07921262382131861    -0.8772590421875884    0.01210319426300444
  -0.8772590421875883    -0.2019535816337303    0.01210319426300444
  -0.2019535816337303    -0.8772590421875884    0.01210319426300444
  -0.5147090520018256     0.3707945580351893   0.009506937696253007
   0.3707945580351892    -0.5147090520018256   0.009506937696253007
  -0.8560855060333636     0.3707945580351893   0.009506937696253007
   0.3707945580351893    -0.8560855060333636   0.009506937696253007
  -0.8560855060333636    -0.5147090520018256   0.009506937696253007
  -0.5147090520018256    -0.8560855060333636   0.009506937696253007
  -0.8493928495051442     0.6988122447507621   0.003181481239859608
   0.6988122447507621    -0.8493928495051442   0.003181481239859608
  -0.8494193952456179     0.6988122447507621   0.003181481239859608
   0.6988122447507621    -0.8494193952456179   0.003181481239859608
  -0.8494193952456179    -0.8493928495051442   0.003181481239859608
  -0.8493928495051442    -0.8494193952456179   0.003181481239859608
  -0.3647593688334831     0.2046310230297939    0.01371595671653162
   0.2046310230297939    -0.3647593688334831    0.01371595671653162
  -0.8398716541963107     0.2046310230297939    0.01371595671653162
   0.2046310230297939    -0.8398716541963107    0.01371595671653162
  -0.8398716541963107    -0.3647593688334831    0.01371595671653162
  -0.3647593688334831    -0.8398716541963107    0.01371595671653162
  -0.7678465224596476     0.6052767795942824   0.006135094608457173
   0.6052767795942824    -0.7678465224596476   0.006135094608457173
  -0.8374302571346348     0.6052767795942824   0.006135094608457173
   0.6052767795942824    -0.8374302571346348   0.006135094608457173
  -0.8374302571346348    -0.7678465224596476   0.006135094608457173
  -0.7678465224596476    -0.8374302571346348   0.006135094608457173
  -0.6421487813323641     0.4626296501069226    0.01115048164537672
   0.4626296501069227    -0.6421487813323641    0.01115048164537672
  -0.8204808687745586     0.4626296501069226    0.01115048164537672
   0.4626296501069226    -0.8204808687745586    0.01115048164537672
  -0.8204808687745586    -0.6421487813323641    0.01115048164537672
  -0.6421487813323641    -0.8204808687745586    0.01115048164537672
  -0.2532589494701599     0.0318857276373819    0.01568613587152386
   0.0318857276373819    -0.2532589494701599    0.01568613587152386
   -0.778626778167222     0.0318857276373819    0.01568613587152386
  0.03188572763738189    -0.7786267781672219    0.01568613587152386
   -0.778626778167222    -0.2532589494701599    0.01568613587152386
  -0.2532589494701599    -0.7786267781672219    0.01568613587152386
  -0.5117502962638774     0.2855937584507827    0.01268999835526232
   0.2855937584507827    -0.5117502962638774    0.01268999835526232
  -0.7738434621869053     0.2855937584507827    0.01268999835526232
   0.2855937584507827    -0.7738434621869051    0.01268999835526232
  -0.7738434621869053    -0.5117502962638774    0.01268999835526232
  -0.5117502962638774    -0.7738434621869051    0.01268999835526232
  -0.4055106160653761     0.1350358637823955    0.01488185670778279
   0.1350358637823956     -0.405510616065376    0.01488185670778279
  -0.7295252477170195     0.1350358637823955    0.01488185670778279
   0.1350358637823955    -0.7295252477170195    0.01488185670778279
  -0.7295252477170195     -0.405510616065376    0.01488185670778279
  -0.4055106160653761    -0.7295252477170195    0.01488185670778279
  -0.6363776280896796     0.3578730119934087    0.01219925008869087
   0.3578730119934087    -0.6363776280896796    0.01219925008869087
   -0.721495383903729     0.3578730119934087    0.01219925008869087
   0.3578730119934087    -0.7214953839037289    0.01219925008869087
   -0.721495383903729    -0.6363776280896796    0.01219925008869087
  -0.6363776280896796    -0.7214953839037289    0.01219925008869087
  -0.3027664990061469    -0.0430914427487723    0.01766099282540656
  -0.0430914427487723    -0.3027664990061469    0.01766099282540656
  -0.6541420582450808    -0.0430914427487723    0.01766099282540656
 -0.04309144274877227    -0.6541420582450808    0.01766099282540656
  -0.6541420582450808    -0.3027664990061469    0.01766099282540656
  -0.3027664990061469    -0.6541420582450808    0.01766099282540656
  -0.5552438232463912      0.207185097547981    0.01491861669863871
    0.207185097547981    -0.5552438232463912    0.01491861669863871
  -0.6519412743015898      0.207185097547981    0.01491861669863871
    0.207185097547981    -0.6519412743015898    0.01491861669863871
  -0.6519412743015898    -0.5552438232463912    0.01491861669863871
  -0.5552438232463912    -0.6519412743015898    0.01491861669863871
  -0.4454440702012393     0.0625520962042545    0.01301817884270522
  0.06255209620425456    -0.4454440702012393    0.01301817884270522
  -0.6171080260030152     0.0625520962042545    0.01301817884270522
  0.06255209620425453    -0.6171080260030153    0.01301817884270522
  -0.6171080260030153    -0.4454440702012393    0.01301817884270522
  -0.4454440702012393    -0.6171080260030153    0.01301817884270522
  -0.3838681209041304    -0.1028907627792528    0.01898036841454219
  -0.1028907627792528    -0.3838681209041304    0.01898036841454219
  -0.5132411163166168    -0.1028907627792528    0.01898036841454219
  -0.1028907627792528    -0.5132411163166168    0.01898036841454219
  -0.5132411163166168    -0.3838681209041304    0.01898036841454219
  -0.3838681209041304    -0.5132411163166168    0.01898036841454219
  -0.3300859735680987    -0.2427804482260131    0.01315130336870592
  -0.2427804482260131    -0.3300859735680987    0.01315130336870592
  -0.4271335782058881    -0.2427804482260131    0.01315130336870592
  -0.2427804482260131    -0.4271335782058881    0.01315130336870592
  -0.4271335782058881    -0.3300859735680987    0.01315130336870592
  -0.3300859735680987    -0.4271335782058881    0.01315130336870592

