# Rule degree: 43
  -0.9942540949369315      0.988508189873863  0.0002148572536647413
   0.9885081898738631    -0.9942540949369315  0.0002148572536647413
  -0.9942540949369315    -0.9942540949369315  0.0002148572536647413
  -0.9765236122327933     0.9530472244655865  0.0009152186814867558
   0.9530472244655864    -0.9765236122327933  0.0009152186814867558
  -0.9765236122327933    -0.9765236122327933  0.0009152186814867558
  -0.8827895154389855     0.7655790308779711   0.004088164190629066
   0.7655790308779711    -0.8827895154389855   0.004088164190629066
  -0.8827895154389855    -0.8827895154389855   0.004088164190629066
  -0.8237611991350844     0.6475223982701688   0.006229541763135261
   0.6475223982701688    -0.8237611991350844   0.006229541763135261
  -0.8237611991350844    -0.8237611991350844   0.006229541763135261
   -0.712181706559319      0.424363413118638    0.00735922126157885
    0.424363413118638     -0.712181706559319    0.00735922126157885
   -0.712181706559319     -0.712181706559319    0.00735922126157885
    -0.64430396246107     0.2886079249221401     0.0108983878699518
     0.28860792492214      -0.64430396246107     0.0108983878699518
    -0.64430396246107      -0.64430396246107     0.0108983878699518
  -0.5135139597892142    0.02702791957842837    0.01239908611095029
   0.0270279195784284    -0.5135139597892142    0.01239908611095029
  -0.5135139597892142    -0.5135139597892142    0.01239908611095029
  -0.4255716358002546    -0.1488567283994908    0.01191195830691998
  -0.1488567283994908    -0.4255716358002546    0.01191195830691998
  -0.4255716358002546    -0.4255716358002546    0.01191195830691998
  -0.1832834299228844    -0.6334331401542312    0.01239259771189243
  -0.6334331401542312    -0.1832834299228843    0.01239259771189243
  -0.1832834299228844    -0.1832834299228843    0.01239259771189243
 -0.05874587423062827    -0.8825082515387435   0.008414010729856411
  -0.8825082515387435   -0.05874587423062833   0.008414010729856411
 -0.05874587423062827   -0.05874587423062833   0.008414010729856411
  -0.1547020057963803     0.1538051289449074  0.0003748233009283737
   0.1538051289449073    -0.1547020057963803  0.0003748233009283737
  -0.9991031231485271     0.1538051289449074  0.0003748233009283737
   0.1538051289449074    -0.9991031231485271  0.0003748233009283737
   -0.999103123148527    -0.1547020057963803  0.0003748233009283737
  -0.1547020057963803    -0.9991031231485271  0.0003748233009283737
  -0.8937952143698987     0.8914304878708463   0.000445574572289436
   0.8914304878708463    -0.8937952143698988   0.000445574572289436
  -0.9976352735009476     0.8914304878708463   0.000445574572289436
   0.8914304878708463    -0.9976352735009475   0.000445574572289436
  -0.9976352735009475    -0.8937952143698988   0.000445574572289436
  -0.8937952143698988    -0.9976352735009475   0.000445574572289436
  -0.9702612475620109     0.9670538640989456  0.0002968311908770243
   0.9670538640989454    -0.9702612475620109  0.0002968311908770243
  -0.9967926165369345     0.9670538640989456  0.0002968311908770243
   0.9670538640989454    -0.9967926165369345  0.0002968311908770243
  -0.9967926165369345    -0.9702612475620109  0.0002968311908770243
  -0.9702612475620109    -0.9967926165369345  0.0002968311908770243
  -0.8224713518086275     0.8176296043567053   0.001002896147660943
   0.8176296043567053    -0.8224713518086275   0.001002896147660943
  -0.9951582525480778     0.8176296043567053   0.001002896147660943
   0.8176296043567053    -0.9951582525480778   0.001002896147660943
  -0.9951582525480778    -0.8224713518086275   0.001002896147660943
  -0.8224713518086275    -0.9951582525480778   0.001002896147660943
  -0.5027702509560102     0.4978135394511667   0.001624787211782955
   0.4978135394511667    -0.5027702509560101   0.001624787211782955
  -0.9950432884951564     0.4978135394511667   0.001624787211782955
   0.4978135394511667    -0.9950432884951566   0.001624787211782955
  -0.9950432884951566    -0.5027702509560101   0.001624787211782955
  -0.5027702509560101    -0.9950432884951566   0.001624787211782955
  -0.7319809128129275     0.7269865292596107   0.001272528136492137
   0.7269865292596107    -0.7319809128129275   0.001272528136492137
  -0.9950056164466832     0.7269865292596107   0.001272528136492137
   0.7269865292596107    -0.9950056164466832   0.001272528136492137
  -0.9950056164466832    -0.7319809128129275   0.001272528136492137
  -0.7319809128129275    -0.9950056164466832   0.001272528136492137
  -0.6246435502568102     0.6195853005505896   0.001488522883208139
   0.6195853005505896    -0.6246435502568102   0.001488522883208139
  -0.9949417502937794     0.6195853005505896   0.001488522883208139
   0.6195853005505896    -0.9949417502937794   0.001488522883208139
  -0.9949417502937794    -0.6246435502568102   0.001488522883208139
  -0.6246435502568102    -0.9949417502937794   0.001488522883208139
  -0.3707321617275738     0.3656657254255892     0.0017519013370527
   0.3656657254255892    -0.3707321617275738     0.0017519013370527
  -0.9949335636980154     0.3656657254255892     0.0017519013370527
   0.3656657254255892    -0.9949335636980154     0.0017519013370527
  -0.9949335636980154    -0.3707321617275738     0.0017519013370527
  -0.3707321617275738    -0.9949335636980154     0.0017519013370527
 -0.06627894057692707     0.0606202792483802   0.001756260705725549
  0.06062027924838015   -0.06627894057692713   0.001756260705725549
   -0.994341338671453     0.0606202792483802   0.001756260705725549
  0.06062027924838019     -0.994341338671453   0.001756260705725549
   -0.994341338671453   -0.06627894057692713   0.001756260705725549
 -0.06627894057692708     -0.994341338671453   0.001756260705725549
  -0.2413361467501257     0.2351729725362015   0.001858725402452409
   0.2351729725362015    -0.2413361467501256   0.001858725402452409
  -0.9938368257860759     0.2351729725362015   0.001858725402452409
   0.2351729725362015    -0.9938368257860759   0.001858725402452409
  -0.9938368257860759    -0.2413361467501256   0.001858725402452409
  -0.2413361467501256    -0.9938368257860759   0.001858725402452409
  -0.9366707046931952     0.9285876782045783  0.0007614880884475897
   0.9285876782045783    -0.9366707046931952  0.0007614880884475897
  -0.9919169735113831     0.9285876782045783  0.0007614880884475897
   0.9285876782045783    -0.9919169735113831  0.0007614880884475897
  -0.9919169735113831    -0.9366707046931952  0.0007614880884475897
  -0.9366707046931952    -0.9919169735113831  0.0007614880884475897
  -0.8768279791941924     0.8560146925482917   0.001977347849022409
   0.8560146925482917    -0.8768279791941924   0.001977347849022409
  -0.9791867133540992     0.8560146925482917   0.001977347849022409
   0.8560146925482917    -0.9791867133540992   0.001977347849022409
  -0.9791867133540992    -0.8768279791941924   0.001977347849022409
  -0.8768279791941924    -0.9791867133540992   0.001977347849022409
  -0.1579319157988934     0.1352387898668759   0.003668678758731828
   0.1352387898668759    -0.1579319157988934   0.003668678758731828
  -0.9773068740679824     0.1352387898668759   0.003668678758731828
   0.1352387898668759    -0.9773068740679824   0.003668678758731828
  -0.9773068740679824    -0.1579319157988934   0.003668678758731828
  -0.1579319157988934    -0.9773068740679824   0.003668678758731828
  -0.7894024239967679     0.7637327838507557   0.002668101134200713
   0.7637327838507557    -0.7894024239967679   0.002668101134200713
  -0.9743303598539879     0.7637327838507557   0.002668101134200713
   0.7637327838507557    -0.9743303598539879   0.002668101134200713
  -0.9743303598539879    -0.7894024239967679   0.002668101134200713
  -0.7894024239967679    -0.9743303598539879   0.002668101134200713
  -0.5718502953274668     0.5458237042601186   0.003573988799387166
   0.5458237042601186    -0.5718502953274667   0.003573988799387166
  -0.9739734089326518     0.5458237042601186   0.003573988799387166
   0.5458237042601187    -0.9739734089326518   0.003573988799387166
  -0.9739734089326519    -0.5718502953274667   0.003573988799387166
  -0.5718502953274668    -0.9739734089326518   0.003573988799387166
  -0.4437271442250624     0.4176291080295323   0.003907008587832866
   0.4176291080295323    -0.4437271442250624   0.003907008587832866
  -0.9739019638044699     0.4176291080295323   0.003907008587832866
   0.4176291080295323    -0.9739019638044698   0.003907008587832866
  -0.9739019638044699    -0.4437271442250624   0.003907008587832866
  -0.4437271442250624    -0.9739019638044698   0.003907008587832866
  -0.6887281054238567     0.6623314826782432   0.003234184775028057
   0.6623314826782432    -0.6887281054238568   0.003234184775028057
  -0.9736033772543865     0.6623314826782432   0.003234184775028057
   0.6623314826782432    -0.9736033772543864   0.003234184775028057
  -0.9736033772543864    -0.6887281054238568   0.003234184775028057
  -0.6887281054238568    -0.9736033772543864   0.003234184775028057
   -0.311396211826594     0.2825784371929256   0.004390347541130957
   0.2825784371929256     -0.311396211826594   0.004390347541130957
  -0.9711822253663316     0.2825784371929256   0.004390347541130957
   0.2825784371929256    -0.9711822253663316   0.004390347541130957
  -0.9711822253663316     -0.311396211826594   0.004390347541130957
   -0.311396211826594    -0.9711822253663316   0.004390347541130957
 -0.03878652823730322   0.009487178804574392   0.002513460804846231
 0.009487178804574392   -0.03878652823730327   0.002513460804846231
  -0.9707006505672711   0.009487178804574392   0.002513460804846231
  0.00948717880457437    -0.9707006505672711   0.002513460804846231
  -0.9707006505672711   -0.03878652823730327   0.002513460804846231
 -0.03878652823730324    -0.9707006505672711   0.002513460804846231
  -0.9361870635369336     0.9029419686589105   0.001623500685414785
   0.9029419686589106    -0.9361870635369336   0.001623500685414785
   -0.966754905121977     0.9029419686589105   0.001623500685414785
   0.9029419686589106     -0.966754905121977   0.001623500685414785
   -0.966754905121977    -0.9361870635369336   0.001623500685414785
  -0.9361870635369336     -0.966754905121977   0.001623500685414785
  -0.2166454967560854     0.1645802669290859   0.003990892659870624
   0.1645802669290859    -0.2166454967560854   0.003990892659870624
  -0.9479347701730005     0.1645802669290859   0.003990892659870624
   0.1645802669290859    -0.9479347701730005   0.003990892659870624
  -0.9479347701730005    -0.2166454967560854   0.003990892659870624
  -0.2166454967560854    -0.9479347701730005   0.003990892659870624
  -0.8407332694680334     0.7850519428308735   0.003183237149890219
   0.7850519428308735    -0.8407332694680334   0.003183237149890219
  -0.9443186733628401     0.7850519428308735   0.003183237149890219
   0.7850519428308735    -0.9443186733628401   0.003183237149890219
  -0.9443186733628401    -0.8407332694680334   0.003183237149890219
  -0.8407332694680334    -0.9443186733628401   0.003183237149890219
  -0.9025411029566224     0.8408592925719048   0.002475647954116071
   0.8408592925719047    -0.9025411029566224   0.002475647954116071
  -0.9383181896152823     0.8408592925719048   0.002475647954116071
   0.8408592925719047    -0.9383181896152823   0.002475647954116071
  -0.9383181896152823    -0.9025411029566224   0.002475647954116071
  -0.9025411029566224    -0.9383181896152823   0.002475647954116071
  -0.6364303457531689     0.5738718467902859   0.004940526194988313
   0.5738718467902859     -0.636430345753169   0.004940526194988313
   -0.937441501037117     0.5738718467902859   0.004940526194988313
   0.5738718467902859    -0.9374415010371169   0.004940526194988313
  -0.9374415010371169     -0.636430345753169   0.004940526194988313
   -0.636430345753169    -0.9374415010371169   0.004940526194988313
  -0.5169506207916623     0.4541606602832722    0.00547157526684883
   0.4541606602832722    -0.5169506207916623    0.00547157526684883
  -0.9372100394916099     0.4541606602832722    0.00547157526684883
   0.4541606602832722    -0.9372100394916099    0.00547157526684883
  -0.9372100394916099    -0.5169506207916623    0.00547157526684883
  -0.5169506207916623    -0.9372100394916099    0.00547157526684883
  -0.7464178334209584     0.6824194092819775   0.004667450552193696
   0.6824194092819775    -0.7464178334209584   0.004667450552193696
  -0.9360015758610192     0.6824194092819775   0.004667450552193696
   0.6824194092819775    -0.9360015758610192   0.004667450552193696
  -0.9360015758610192    -0.7464178334209584   0.004667450552193696
  -0.7464178334209584    -0.9360015758610192   0.004667450552193696
  -0.1076585544240215    0.04135567460551126   0.006540385078464896
  0.04135567460551121    -0.1076585544240216   0.006540385078464896
  -0.9336971201814898    0.04135567460551126   0.006540385078464896
  0.04135567460551123    -0.9336971201814896   0.006540385078464896
  -0.9336971201814896    -0.1076585544240216   0.006540385078464896
  -0.1076585544240215    -0.9336971201814896   0.006540385078464896
  -0.3944685687825449     0.3275367612580158   0.006146605709629765
   0.3275367612580158    -0.3944685687825449   0.006146605709629765
  -0.9330681924754709     0.3275367612580158   0.006146605709629765
   0.3275367612580158    -0.9330681924754709   0.006146605709629765
  -0.9330681924754709    -0.3944685687825449   0.006146605709629765
  -0.3944685687825449    -0.9330681924754709   0.006146605709629765
  -0.2833620699007213     0.2029786088566583   0.005409894299899732
   0.2029786088566583    -0.2833620699007213   0.005409894299899732
   -0.919616538955937     0.2029786088566583   0.005409894299899732
   0.2029786088566583     -0.919616538955937   0.005409894299899732
   -0.919616538955937    -0.2833620699007213   0.005409894299899732
  -0.2833620699007213     -0.919616538955937   0.005409894299899732
  -0.8153843567794428      0.712556252854958   0.004231788950908686
    0.712556252854958    -0.8153843567794428   0.004231788950908686
  -0.8971718960755153      0.712556252854958   0.004231788950908686
    0.712556252854958    -0.8971718960755153   0.004231788950908686
  -0.8971718960755153    -0.8153843567794428   0.004231788950908686
  -0.8153843567794428    -0.8971718960755153   0.004231788950908686
  -0.6791031826674645     0.5699805982922095   0.004842146067124747
   0.5699805982922095    -0.6791031826674645   0.004842146067124747
   -0.890877415624745     0.5699805982922095   0.004842146067124747
   0.5699805982922095     -0.890877415624745   0.004842146067124747
   -0.890877415624745    -0.6791031826674645   0.004842146067124747
  -0.6791031826674645     -0.890877415624745   0.004842146067124747
  -0.5714843083335686     0.4587064811082498   0.006438322732376148
   0.4587064811082497    -0.5714843083335686   0.006438322732376148
  -0.8872221727746812     0.4587064811082498   0.006438322732376148
   0.4587064811082498    -0.8872221727746812   0.006438322732376148
  -0.8872221727746812    -0.5714843083335686   0.006438322732376148
  -0.5714843083335686    -0.8872221727746812   0.006438322732376148
  -0.2014490547447857    0.08104337999204869   0.008690593782722736
  0.08104337999204869    -0.2014490547447856   0.008690593782722736
   -0.879594325247263    0.08104337999204869   0.008690593782722736
  0.08104337999204869     -0.879594325247263   0.008690593782722736
   -0.879594325247263    -0.2014490547447856   0.008690593782722736
  -0.2014490547447857     -0.879594325247263   0.008690593782722736
   -0.459840901077294     0.3385290807336343   0.007583053313685749
   0.3385290807336344     -0.459840901077294   0.007583053313685749
  -0.8786881796563403     0.3385290807336343   0.007583053313685749
   0.3385290807336343    -0.8786881796563404   0.007583053313685749
  -0.8786881796563404     -0.459840901077294   0.007583053313685749
   -0.459840901077294    -0.8786881796563404   0.007583053313685749
   -0.748810911034252     0.6182588104032818    0.00488036969892482
   0.6182588104032818     -0.748810911034252    0.00488036969892482
  -0.8694478993690298     0.6182588104032818    0.00488036969892482
   0.6182588104032818    -0.8694478993690298    0.00488036969892482
  -0.8694478993690298     -0.748810911034252    0.00488036969892482
   -0.748810911034252    -0.8694478993690298    0.00488036969892482
  -0.3465319276559659     0.2131465773467913    0.00806022741776989
   0.2131465773467913    -0.3465319276559659    0.00806022741776989
  -0.8666146496908255     0.2131465773467913    0.00806022741776989
   0.2131465773467913    -0.8666146496908254    0.00806022741776989
  -0.8666146496908254    -0.3465319276559659    0.00806022741776989
  -0.3465319276559659    -0.8666146496908254    0.00806022741776989
  -0.6398841651317047     0.4723048568361837   0.006963095329452856
   0.4723048568361836    -0.6398841651317047   0.006963095329452856
   -0.832420691704479     0.4723048568361837   0.006963095329452856
   0.4723048568361837     -0.832420691704479   0.006963095329452856
   -0.832420691704479    -0.6398841651317047   0.006963095329452856
  -0.6398841651317047     -0.832420691704479   0.006963095329452856
  -0.1556575010717928   -0.03036328408648176   0.009536824691027731
 -0.03036328408648176    -0.1556575010717928   0.009536824691027731
  -0.8139792148417255   -0.03036328408648176   0.009536824691027731
 -0.03036328408648176    -0.8139792148417255   0.009536824691027731
  -0.8139792148417255    -0.1556575010717928   0.009536824691027731
  -0.1556575010717928    -0.8139792148417255   0.009536824691027731
  -0.5323547923859446     0.3452348858029938   0.008951291601906997
   0.3452348858029937    -0.5323547923859446   0.008951291601906997
   -0.812880093417049     0.3452348858029938   0.008951291601906997
   0.3452348858029938     -0.812880093417049   0.008951291601906997
   -0.812880093417049    -0.5323547923859446   0.008951291601906997
  -0.5323547923859446     -0.812880093417049   0.008951291601906997
  -0.2864790041910414    0.09261021360276028   0.009949088284541571
  0.09261021360276028    -0.2864790041910413   0.009949088284541571
  -0.8061312094117188    0.09261021360276028   0.009949088284541571
  0.09261021360276028    -0.8061312094117188   0.009949088284541571
  -0.8061312094117188    -0.2864790041910413   0.009949088284541571
  -0.2864790041910414    -0.8061312094117188   0.009949088284541571
  -0.7341733331053147     0.5340591428735562   0.007347339484759295
   0.5340591428735562    -0.7341733331053149   0.007347339484759295
  -0.7998858097682414     0.5340591428735562   0.007347339484759295
    0.534059142873556    -0.7998858097682414   0.007347339484759295
  -0.7998858097682413    -0.7341733331053149   0.007347339484759295
  -0.7341733331053147    -0.7998858097682414   0.007347339484759295
  -0.4221756544976611     0.2183197776230598   0.009823768056439025
   0.2183197776230598    -0.4221756544976611   0.009823768056439025
  -0.7961441231253987     0.2183197776230598   0.009823768056439025
   0.2183197776230598    -0.7961441231253987   0.009823768056439025
  -0.7961441231253987    -0.4221756544976611   0.009823768056439025
  -0.4221756544976611    -0.7961441231253987   0.009823768056439025
  -0.6378272223374437     0.3950931381737149   0.007601784720884518
   0.3950931381737148    -0.6378272223374437   0.007601784720884518
  -0.7572659158362711     0.3950931381737149   0.007601784720884518
   0.3950931381737149    -0.7572659158362711   0.007601784720884518
  -0.7572659158362711    -0.6378272223374437   0.007601784720884518
  -0.6378272223374437    -0.7572659158362711   0.007601784720884518
  -0.1998663797075766   -0.06960622966853736    0.01176743310717314
 -0.06960622966853736    -0.1998663797075766    0.01176743310717314
  -0.7305273906238861   -0.06960622966853736    0.01176743310717314
 -0.06960622966853733    -0.7305273906238861    0.01176743310717314
  -0.7305273906238861    -0.1998663797075766    0.01176743310717314
  -0.1998663797075766    -0.7305273906238861    0.01176743310717314
  -0.3320967625769326    0.05502654396939283    0.01091947153191641
  0.05502654396939283    -0.3320967625769326    0.01091947153191641
  -0.7229297813924602    0.05502654396939283    0.01091947153191641
  0.05502654396939283    -0.7229297813924602    0.01091947153191641
  -0.7229297813924602    -0.3320967625769326    0.01091947153191641
  -0.3320967625769326    -0.7229297813924602    0.01091947153191641
   -0.553096958722139     0.2747825713356588   0.009810436088263458
   0.2747825713356588     -0.553096958722139   0.009810436088263458
  -0.7216856126135198     0.2747825713356588   0.009810436088263458
   0.2747825713356588    -0.7216856126135198   0.009810436088263458
  -0.7216856126135198     -0.553096958722139   0.009810436088263458
   -0.553096958722139    -0.7216856126135198   0.009810436088263458
  -0.4494611658794703     0.1623395294737199   0.009383353332552712
   0.1623395294737198    -0.4494611658794703   0.009383353332552712
  -0.7128783635942495     0.1623395294737199   0.009383353332552712
   0.1623395294737199    -0.7128783635942494   0.009383353332552712
  -0.7128783635942495    -0.4494611658794703   0.009383353332552712
  -0.4494611658794703    -0.7128783635942494   0.009383353332552712
  -0.3021312141048971   -0.06361142797295449    0.01182088557132372
 -0.06361142797295449    -0.3021312141048971    0.01182088557132372
  -0.6342573579221484   -0.06361142797295449    0.01182088557132372
 -0.06361142797295447    -0.6342573579221484    0.01182088557132372
  -0.6342573579221484    -0.3021312141048971    0.01182088557132372
  -0.3021312141048971    -0.6342573579221484    0.01182088557132372
  -0.4237752876346917    0.04742012309940069    0.01109960763245328
  0.04742012309940069    -0.4237752876346917    0.01109960763245328
  -0.6236448354647089    0.04742012309940069    0.01109960763245328
  0.04742012309940069    -0.6236448354647091    0.01109960763245328
  -0.6236448354647089    -0.4237752876346917    0.01109960763245328
  -0.4237752876346917    -0.6236448354647091    0.01109960763245328
  -0.5360400425757273     0.1571441284783208    0.01100370564856239
   0.1571441284783208    -0.5360400425757273    0.01100370564856239
  -0.6211040859025935     0.1571441284783208    0.01100370564856239
   0.1571441284783209    -0.6211040859025934    0.01100370564856239
  -0.6211040859025935    -0.5360400425757273    0.01100370564856239
  -0.5360400425757275    -0.6211040859025934    0.01100370564856239
  -0.3998982058678909   -0.06817361433481633    0.01072023533994352
 -0.06817361433481631     -0.399898205867891    0.01072023533994352
  -0.5319281797972928   -0.06817361433481633    0.01072023533994352
 -0.06817361433481631    -0.5319281797972928    0.01072023533994352
  -0.5319281797972928     -0.399898205867891    0.01072023533994352
  -0.3998982058678909    -0.5319281797972928    0.01072023533994352
  -0.2936878074916067    -0.1797156700578322    0.01255940520720009
  -0.1797156700578321    -0.2936878074916067    0.01255940520720009
  -0.5265965224505611    -0.1797156700578322    0.01255940520720009
  -0.1797156700578321    -0.5265965224505611    0.01255940520720009
  -0.5265965224505611    -0.2936878074916067    0.01255940520720009
  -0.2936878074916067    -0.5265965224505611    0.01255940520720009
  -0.3269290479726688    -0.2603540149761225   0.008920411022972606
  -0.2603540149761225    -0.3269290479726688   0.008920411022972606
  -0.4127169370512087    -0.2603540149761225   0.008920411022972606
  -0.2603540149761225    -0.4127169370512087   0.008920411022972606
  -0.4127169370512087    -0.3269290479726688   0.008920411022972606
  -0.3269290479726688    -0.4127169370512087   0.008920411022972606

