# Rule degree: 43
   -0.9942862688767636      0.9885725377535273   0.0002134290729682566
    0.9885725377535272     -0.9942862688767636   0.0002134290729682566
   -0.9942862688767636     -0.9942862688767636   0.0002134290729682566
    -0.924027904234176       0.848055808468352    0.002640387408021491
    0.8480558084683519      -0.924027904234176    0.002640387408021491
    -0.924027904234176      -0.924027904234176    0.002640387408021491
   -0.8347576708527991      0.6695153417055981    0.006047421234218587
    0.6695153417055981     -0.8347576708527991    0.006047421234218587
   -0.8347576708527991     -0.8347576708527991    0.006047421234218587
   -0.6487123652728621      0.2974247305457243     0.01175645176106675
    0.2974247305457243     -0.6487123652728621     0.01175645176106675
   -0.6487123652728621     -0.6487123652728621     0.01175645176106675
   -0.4642074857394423    -0.07158502852111548     0.01025448610572029
  -0.07158502852111548     -0.4642074857394423     0.01025448610572029
   -0.4642074857394423     -0.4642074857394423     0.01025448610572029
   -0.2573609315904516     -0.4852781368190968     0.01182990562760791
   -0.4852781368190968     -0.2573609315904516     0.01182990562760791
   -0.2573609315904516     -0.2573609315904516     0.01182990562760791
  -0.07152945190279103     -0.8569410961944179    0.009004148219025749
   -0.8569410961944179    -0.07152945190279109    0.009004148219025749
  -0.07152945190279103    -0.07152945190279109    0.009004148219025749
-0.0007692140246926549     -0.9984615719506147   0.0008708450574282672
   -0.9984615719506147  -0.0007692140246926549   0.0008708450574282672
-0.0007692140246926549  -0.0007692140246926549   0.0008708450574282672
   -0.8684574108598418      0.8684574108591963   0.0002939975036698741
    0.8684574108591963      -0.868457410859842   0.0002939975036698741
   -0.9999999999993544      0.8684574108591963   0.0002939975036698741
    0.8684574108591963     -0.9999999999993543   0.0002939975036698741
   -0.9999999999993543      -0.868457410859842   0.0002939975036698741
    -0.868457410859842     -0.9999999999993543   0.0002939975036698741
   -0.7029001949894664      0.7028991129094784   0.0004472594776823372
    0.7028991129094784     -0.7029001949894664   0.0004472594776823372
   -0.9999989179200119      0.7028991129094784   0.0004472594776823372
    0.7028991129094784     -0.9999989179200119   0.0004472594776823372
   -0.9999989179200119     -0.7029001949894664   0.0004472594776823372
   -0.7029001949894664     -0.9999989179200119   0.0004472594776823372
   -0.1696991751324731       0.168573205207839   0.0008116607435513094
     0.168573205207839     -0.1696991751324732   0.0008116607435513094
   -0.9988740300753659       0.168573205207839   0.0008116607435513094
     0.168573205207839     -0.9988740300753659   0.0008116607435513094
   -0.9988740300753658     -0.1696991751324732   0.0008116607435513094
   -0.1696991751324732     -0.9988740300753659   0.0008116607435513094
   -0.4738941403346876      0.4709706004582945    0.001118927847069351
    0.4709706004582945     -0.4738941403346876    0.001118927847069351
    -0.997076460123607      0.4709706004582945    0.001118927847069351
    0.4709706004582945      -0.997076460123607    0.001118927847069351
   -0.9970764601236068     -0.4738941403346876    0.001118927847069351
   -0.4738941403346876      -0.997076460123607    0.001118927847069351
   -0.3276075995905989      0.3245464877503181    0.001173585719780888
    0.3245464877503181     -0.3276075995905989    0.001173585719780888
   -0.9969388881597192      0.3245464877503181    0.001173585719780888
    0.3245464877503181     -0.9969388881597192    0.001173585719780888
   -0.9969388881597192     -0.3276075995905989    0.001173585719780888
   -0.3276075995905989     -0.9969388881597192    0.001173585719780888
    -0.970362432847879      0.9652966574114156   0.0004309756578842673
    0.9652966574114157      -0.970362432847879   0.0004309756578842673
   -0.9949342245635366      0.9652966574114156   0.0004309756578842673
    0.9652966574114157     -0.9949342245635366   0.0004309756578842673
   -0.9949342245635366      -0.970362432847879   0.0004309756578842673
    -0.970362432847879     -0.9949342245635366   0.0004309756578842673
   -0.9282450518604506      0.9221939594538257   0.0007880095436970008
    0.9221939594538255     -0.9282450518604506   0.0007880095436970008
    -0.993948907593375      0.9221939594538257   0.0007880095436970008
    0.9221939594538255      -0.993948907593375   0.0007880095436970008
    -0.993948907593375     -0.9282450518604506   0.0007880095436970008
   -0.9282450518604506      -0.993948907593375   0.0007880095436970008
   -0.5973333986895624      0.5910724090275142    0.001814286240984062
    0.5910724090275141     -0.5973333986895624    0.001814286240984062
   -0.9937390103379518      0.5910724090275142    0.001814286240984062
    0.5910724090275142     -0.9937390103379516    0.001814286240984062
   -0.9937390103379518     -0.5973333986895624    0.001814286240984062
   -0.5973333986895625     -0.9937390103379516    0.001814286240984062
     -0.79378711088539      0.7871726823210126     0.00140538262767256
    0.7871726823210126       -0.79378711088539     0.00140538262767256
   -0.9933855714356226      0.7871726823210126     0.00140538262767256
    0.7871726823210126     -0.9933855714356226     0.00140538262767256
   -0.9933855714356226       -0.79378711088539     0.00140538262767256
     -0.79378711088539     -0.9933855714356226     0.00140538262767256
  -0.08798236632397977     0.07422238328268133    0.003217841072617737
   0.07422238328268133    -0.08798236632397977    0.003217841072617737
   -0.9862400169587016     0.07422238328268133    0.003217841072617737
   0.07422238328268134     -0.9862400169587016    0.003217841072617737
   -0.9862400169587016    -0.08798236632397977    0.003217841072617737
  -0.08798236632397975     -0.9862400169587016    0.003217841072617737
    -0.238469279572097      0.2231348667218417    0.003265394232056832
    0.2231348667218417      -0.238469279572097    0.003265394232056832
   -0.9846655871497447      0.2231348667218417    0.003265394232056832
    0.2231348667218417     -0.9846655871497448    0.003265394232056832
   -0.9846655871497447      -0.238469279572097    0.003265394232056832
    -0.238469279572097     -0.9846655871497448    0.003265394232056832
   -0.8699692074666724      0.8541439246378379     0.00177025746615274
    0.8541439246378379     -0.8699692074666723     0.00177025746615274
   -0.9841747171711656      0.8541439246378379     0.00177025746615274
    0.8541439246378381     -0.9841747171711656     0.00177025746615274
   -0.9841747171711657     -0.8699692074666723     0.00177025746615274
   -0.8699692074666724     -0.9841747171711656     0.00177025746615274
   -0.3928996408107782       0.376632356293388    0.002631336701398089
     0.376632356293388     -0.3928996408107782    0.002631336701398089
   -0.9837327154826099       0.376632356293388    0.002631336701398089
     0.376632356293388     -0.9837327154826099    0.002631336701398089
   -0.9837327154826099     -0.3928996408107782    0.002631336701398089
   -0.3928996408107782     -0.9837327154826099    0.002631336701398089
   -0.7029373192301507      0.6863689284102805    0.002708532767767216
    0.6863689284102805     -0.7029373192301507    0.002708532767767216
   -0.9834316091801298      0.6863689284102805    0.002708532767767216
    0.6863689284102805     -0.9834316091801298    0.002708532767767216
   -0.9834316091801298     -0.7029373192301507    0.002708532767767216
   -0.7029373192301507     -0.9834316091801298    0.002708532767767216
   -0.5074591461153445      0.4855362537334744    0.003006658142506498
    0.4855362537334744     -0.5074591461153444    0.003006658142506498
   -0.9780771076181299      0.4855362537334744    0.003006658142506498
    0.4855362537334744       -0.97807710761813    0.003006658142506498
     -0.97807710761813     -0.5074591461153444    0.003006658142506498
   -0.5074591461153444       -0.97807710761813    0.003006658142506498
   -0.9691158149044909      0.9445500250098505   0.0005384999042651156
    0.9445500250098506     -0.9691158149044909   0.0005384999042651156
   -0.9754342101053597      0.9445500250098505   0.0005384999042651156
    0.9445500250098506     -0.9754342101053597   0.0005384999042651156
   -0.9754342101053597     -0.9691158149044909   0.0005384999042651156
   -0.9691158149044909     -0.9754342101053597   0.0005384999042651156
    -0.930229186595356      0.8984201148435487    0.001808434042339586
    0.8984201148435487      -0.930229186595356    0.001808434042339586
   -0.9681909282481926      0.8984201148435487    0.001808434042339586
    0.8984201148435487     -0.9681909282481926    0.001808434042339586
   -0.9681909282481926      -0.930229186595356    0.001808434042339586
    -0.930229186595356     -0.9681909282481926    0.001808434042339586
   -0.7938429546120214      0.7599239300409838    0.003124784354979349
    0.7599239300409839     -0.7938429546120214    0.003124784354979349
   -0.9660809754289625      0.7599239300409838    0.003124784354979349
    0.7599239300409839     -0.9660809754289625    0.003124784354979349
   -0.9660809754289625     -0.7938429546120214    0.003124784354979349
   -0.7938429546120214     -0.9660809754289625    0.003124784354979349
   -0.6126284686157459      0.5778078731812515    0.003845467798252862
    0.5778078731812515     -0.6126284686157459    0.003845467798252862
   -0.9651794045655055      0.5778078731812515    0.003845467798252862
    0.5778078731812515     -0.9651794045655055    0.003845467798252862
   -0.9651794045655055     -0.6126284686157459    0.003845467798252862
   -0.6126284686157459     -0.9651794045655055    0.003845467798252862
  -0.07362302194021225     0.03226258619069583    0.004000910419866892
   0.03226258619069583    -0.07362302194021231    0.004000910419866892
   -0.9586395642504835     0.03226258619069583    0.004000910419866892
   0.03226258619069583     -0.9586395642504835    0.004000910419866892
   -0.9586395642504835    -0.07362302194021231    0.004000910419866892
  -0.07362302194021225     -0.9586395642504835    0.004000910419866892
   -0.3474579519015541       0.305491538338711    0.005024833504041394
    0.3054915383387109     -0.3474579519015542    0.005024833504041394
   -0.9580335864371567       0.305491538338711    0.005024833504041394
     0.305491538338711     -0.9580335864371567    0.005024833504041394
   -0.9580335864371567     -0.3474579519015542    0.005024833504041394
   -0.3474579519015541     -0.9580335864371567    0.005024833504041394
   -0.2029277082939633      0.1572047634563092    0.005454794178511427
    0.1572047634563092     -0.2029277082939633    0.005454794178511427
   -0.9542770551623458      0.1572047634563092    0.005454794178511427
    0.1572047634563092     -0.9542770551623458    0.005454794178511427
   -0.9542770551623458     -0.2029277082939633    0.005454794178511427
   -0.2029277082939633     -0.9542770551623458    0.005454794178511427
   -0.8695582184499913      0.8191634304294617    0.002868490324495163
    0.8191634304294617     -0.8695582184499913    0.002868490324495163
   -0.9496052119794705      0.8191634304294617    0.002868490324495163
    0.8191634304294617     -0.9496052119794705    0.002868490324495163
   -0.9496052119794705     -0.8695582184499913    0.002868490324495163
   -0.8695582184499913     -0.9496052119794705    0.002868490324495163
   -0.4809964652636409      0.4259002739443086    0.005380732393354193
    0.4259002739443085     -0.4809964652636409    0.005380732393354193
   -0.9449038086806676      0.4259002739443086    0.005380732393354193
    0.4259002739443086     -0.9449038086806676    0.005380732393354193
   -0.9449038086806676     -0.4809964652636409    0.005380732393354193
   -0.4809964652636409     -0.9449038086806676    0.005380732393354193
   -0.7121688314240853      0.6548399644822023    0.004791847430503053
    0.6548399644822023     -0.7121688314240853    0.004791847430503053
    -0.942671133058117      0.6548399644822023    0.004791847430503053
    0.6548399644822023      -0.942671133058117    0.004791847430503053
    -0.942671133058117     -0.7121688314240853    0.004791847430503053
   -0.7121688314240853      -0.942671133058117    0.004791847430503053
   -0.5951354116986449      0.5193876897491772    0.005311987257119193
    0.5193876897491772     -0.5951354116986449    0.005311987257119193
   -0.9242522780505322      0.5193876897491772    0.005311987257119193
    0.5193876897491772     -0.9242522780505322    0.005311987257119193
   -0.9242522780505322     -0.5951354116986449    0.005311987257119193
   -0.5951354116986449     -0.9242522780505322    0.005311987257119193
   -0.8021512317879931      0.7208134453638908    0.004070019652656243
    0.7208134453638908     -0.8021512317879931    0.004070019652656243
   -0.9186622135758977      0.7208134453638908    0.004070019652656243
    0.7208134453638908     -0.9186622135758977    0.004070019652656243
   -0.9186622135758977     -0.8021512317879931    0.004070019652656243
   -0.8021512317879931     -0.9186622135758977    0.004070019652656243
   -0.3088707964186905      0.2246825925681554    0.005781414366280015
    0.2246825925681554     -0.3088707964186905    0.005781414366280015
    -0.915811796149465      0.2246825925681554    0.005781414366280015
    0.2246825925681554     -0.9158117961494651    0.005781414366280015
    -0.915811796149465     -0.3088707964186905    0.005781414366280015
   -0.3088707964186905     -0.9158117961494651    0.005781414366280015
   -0.1093440006624402     0.02425330581705687    0.006677199930836564
   0.02425330581705687     -0.1093440006624402    0.006677199930836564
   -0.9149093051546167     0.02425330581705687    0.006677199930836564
   0.02425330581705685     -0.9149093051546167    0.006677199930836564
   -0.9149093051546167     -0.1093440006624402    0.006677199930836564
   -0.1093440006624402     -0.9149093051546167    0.006677199930836564
   -0.4221100249184945      0.3279982193228633    0.006082698194102454
    0.3279982193228632     -0.4221100249184946    0.006082698194102454
   -0.9058881944043686      0.3279982193228633    0.006082698194102454
    0.3279982193228633     -0.9058881944043686    0.006082698194102454
   -0.9058881944043686     -0.4221100249184946    0.006082698194102454
   -0.4221100249184945     -0.9058881944043686    0.006082698194102454
   -0.2210562408858658      0.1211017285703844    0.005344231639339244
    0.1211017285703844     -0.2210562408858658    0.005344231639339244
   -0.9000454876845185      0.1211017285703844    0.005344231639339244
    0.1211017285703843     -0.9000454876845185    0.005344231639339244
   -0.9000454876845185     -0.2210562408858658    0.005344231639339244
   -0.2210562408858659     -0.9000454876845185    0.005344231639339244
   -0.8650488641951604         0.7642042144404    0.003079983283520161
       0.7642042144404     -0.8650488641951604    0.003079983283520161
   -0.8991553502452396         0.7642042144404    0.003079983283520161
       0.7642042144404     -0.8991553502452396    0.003079983283520161
   -0.8991553502452396     -0.8650488641951604    0.003079983283520161
   -0.8650488641951604     -0.8991553502452396    0.003079983283520161
   -0.6800119106808594      0.5703189053905302    0.005763069374577314
    0.5703189053905302     -0.6800119106808593    0.005763069374577314
   -0.8903069947096708      0.5703189053905302    0.005763069374577314
    0.5703189053905302     -0.8903069947096709    0.005763069374577314
   -0.8903069947096709     -0.6800119106808593    0.005763069374577314
   -0.6800119106808593     -0.8903069947096709    0.005763069374577314
   -0.5390192999153927        0.42016827452515    0.007044129646114458
      0.42016827452515     -0.5390192999153927    0.007044129646114458
   -0.8811489746097574        0.42016827452515    0.007044129646114458
      0.42016827452515     -0.8811489746097574    0.007044129646114458
   -0.8811489746097574     -0.5390192999153927    0.007044129646114458
   -0.5390192999153927     -0.8811489746097574    0.007044129646114458
    -0.763742463998146      0.6402681188071437    0.004750782928825137
    0.6402681188071437      -0.763742463998146    0.004750782928825137
   -0.8765256548089977      0.6402681188071437    0.004750782928825137
    0.6402681188071437     -0.8765256548089977    0.004750782928825137
   -0.8765256548089977      -0.763742463998146    0.004750782928825137
    -0.763742463998146     -0.8765256548089977    0.004750782928825137
   -0.4305789123316617      0.2799667967431155    0.006306585982302297
    0.2799667967431155     -0.4305789123316617    0.006306585982302297
   -0.8493878844114537      0.2799667967431155    0.006306585982302297
    0.2799667967431155     -0.8493878844114536    0.006306585982302297
   -0.8493878844114537     -0.4305789123316617    0.006306585982302297
   -0.4305789123316617     -0.8493878844114536    0.006306585982302297
   -0.3294287678838888      0.1769141633169551    0.008224000463821919
    0.1769141633169551     -0.3294287678838888    0.008224000463821919
   -0.8474853954330663      0.1769141633169551    0.008224000463821919
    0.1769141633169551     -0.8474853954330663    0.008224000463821919
   -0.8474853954330663     -0.3294287678838888    0.008224000463821919
   -0.3294287678838888     -0.8474853954330663    0.008224000463821919
   -0.2041693612654721     0.04895987375456556    0.008300207913315021
   0.04895987375456562     -0.2041693612654721    0.008300207913315021
   -0.8447905124890934     0.04895987375456556    0.008300207913315021
   0.04895987375456559     -0.8447905124890935    0.008300207913315021
   -0.8447905124890935     -0.2041693612654721    0.008300207913315021
   -0.2041693612654721     -0.8447905124890935    0.008300207913315021
   -0.6364765416565836      0.4697263241225607    0.008127777607706346
    0.4697263241225607     -0.6364765416565836    0.008127777607706346
    -0.833249782465977      0.4697263241225607    0.008127777607706346
    0.4697263241225607      -0.833249782465977    0.008127777607706346
    -0.833249782465977     -0.6364765416565836    0.008127777607706346
   -0.6364765416565836      -0.833249782465977    0.008127777607706346
   -0.5264247534299344      0.3378318912826939    0.007685774518338994
    0.3378318912826939     -0.5264247534299344    0.007685774518338994
   -0.8114071378527594      0.3378318912826939    0.007685774518338994
    0.3378318912826939     -0.8114071378527594    0.007685774518338994
   -0.8114071378527594     -0.5264247534299344    0.007685774518338994
   -0.5264247534299344     -0.8114071378527594    0.007685774518338994
   -0.7440065409886485      0.5535876695320618    0.007427947308144226
    0.5535876695320617     -0.7440065409886486    0.007427947308144226
   -0.8095811285434134      0.5535876695320618    0.007427947308144226
    0.5535876695320618     -0.8095811285434134    0.007427947308144226
   -0.8095811285434132     -0.7440065409886486    0.007427947308144226
   -0.7440065409886485     -0.8095811285434134    0.007427947308144226
    -0.172699735370153    -0.04951835453822456     0.01020278671695959
  -0.04951835453822456      -0.172699735370153     0.01020278671695959
   -0.7777819100916223    -0.04951835453822456     0.01020278671695959
  -0.04951835453822458     -0.7777819100916223     0.01020278671695959
   -0.7777819100916223      -0.172699735370153     0.01020278671695959
    -0.172699735370153     -0.7777819100916223     0.01020278671695959
   -0.3099778099496501     0.08112896759098026     0.01073330817648626
   0.08112896759098026     -0.3099778099496501     0.01073330817648626
   -0.7711511576413301     0.08112896759098026     0.01073330817648626
   0.08112896759098025     -0.7711511576413302     0.01073330817648626
   -0.7711511576413301     -0.3099778099496501     0.01073330817648626
   -0.3099778099496501     -0.7711511576413302     0.01073330817648626
   -0.4349864972957783      0.2039115922347192      0.0101566239114111
    0.2039115922347192     -0.4349864972957784      0.0101566239114111
   -0.7689250949389409      0.2039115922347192      0.0101566239114111
    0.2039115922347192     -0.7689250949389409      0.0101566239114111
   -0.7689250949389408     -0.4349864972957784      0.0101566239114111
   -0.4349864972957783     -0.7689250949389409      0.0101566239114111
   -0.5924136992978108      0.3416294540836371    0.008395059383882107
    0.3416294540836371     -0.5924136992978108    0.008395059383882107
   -0.7492157547858262      0.3416294540836371    0.008395059383882107
    0.3416294540836371     -0.7492157547858262    0.008395059383882107
   -0.7492157547858262     -0.5924136992978108    0.008395059383882107
   -0.5924136992978108     -0.7492157547858262    0.008395059383882107
    -0.685868678943976      0.4347842309978849    0.007871641342778769
    0.4347842309978849     -0.6858686789439759    0.007871641342778769
   -0.7489155520539089      0.4347842309978849    0.007871641342778769
    0.4347842309978849      -0.748915552053909    0.007871641342778769
    -0.748915552053909     -0.6858686789439759    0.007871641342778769
   -0.6858686789439759      -0.748915552053909    0.007871641342778769
   -0.5236774608645107      0.2191192325612183    0.009963376370936848
    0.2191192325612183     -0.5236774608645107    0.009963376370936848
   -0.6954417716967076      0.2191192325612183    0.009963376370936848
    0.2191192325612183     -0.6954417716967076    0.009963376370936848
   -0.6954417716967076     -0.5236774608645107    0.009963376370936848
   -0.5236774608645107     -0.6954417716967076    0.009963376370936848
   -0.2720680437673043    -0.03655604681617647      0.0111861853254815
  -0.03655604681617647     -0.2720680437673044      0.0111861853254815
   -0.6913759094165193    -0.03655604681617647      0.0111861853254815
  -0.03655604681617644     -0.6913759094165193      0.0111861853254815
   -0.6913759094165193     -0.2720680437673044      0.0111861853254815
   -0.2720680437673043     -0.6913759094165193      0.0111861853254815
   -0.1587624839388456      -0.151410875481209    0.005379477550508335
    -0.151410875481209     -0.1587624839388456    0.005379477550508335
   -0.6898266405799454      -0.151410875481209    0.005379477550508335
    -0.151410875481209     -0.6898266405799454    0.005379477550508335
   -0.6898266405799454     -0.1587624839388456    0.005379477550508335
   -0.1587624839388456     -0.6898266405799454    0.005379477550508335
   -0.4048652060950883     0.08110856076969947     0.01257985843830865
   0.08110856076969947     -0.4048652060950883     0.01257985843830865
   -0.6762433546746112     0.08110856076969947     0.01257985843830865
   0.08110856076969947     -0.6762433546746113     0.01257985843830865
   -0.6762433546746112     -0.4048652060950883     0.01257985843830865
   -0.4048652060950883     -0.6762433546746113     0.01257985843830865
   -0.5429679537528564      0.1521613397469013    0.009007610957854705
    0.1521613397469013     -0.5429679537528564    0.009007610957854705
   -0.6091933859940448      0.1521613397469013    0.009007610957854705
    0.1521613397469013     -0.6091933859940448    0.009007610957854705
   -0.6091933859940448     -0.5429679537528564    0.009007610957854705
   -0.5429679537528564     -0.6091933859940448    0.009007610957854705
   -0.2042896573160436     -0.2028217797511132    0.006533392503407935
   -0.2028217797511132     -0.2042896573160435    0.006533392503407935
   -0.5928885629328433     -0.2028217797511132    0.006533392503407935
   -0.2028217797511132     -0.5928885629328433    0.006533392503407935
   -0.5928885629328433     -0.2042896573160435    0.006533392503407935
   -0.2042896573160436     -0.5928885629328433    0.006533392503407935
    -0.330800002674372    -0.07690773602687617     0.01295614656849157
  -0.07690773602687617      -0.330800002674372     0.01295614656849157
   -0.5922922612987518    -0.07690773602687617     0.01295614656849157
   -0.0769077360268762     -0.5922922612987518     0.01295614656849157
   -0.5922922612987518      -0.330800002674372     0.01295614656849157
    -0.330800002674372     -0.5922922612987518     0.01295614656849157
   -0.4603821899932089     0.02818051915851649     0.01240304213705986
   0.02818051915851655     -0.4603821899932088     0.01240304213705986
   -0.5677983291653076     0.02818051915851649     0.01240304213705986
   0.02818051915851652     -0.5677983291653077     0.01240304213705986
   -0.5677983291653077     -0.4603821899932088     0.01240304213705986
   -0.4603821899932089     -0.5677983291653077     0.01240304213705986
   -0.3616060647012964     -0.1516115647526877     0.01123333676428082
   -0.1516115647526877     -0.3616060647012964     0.01123333676428082
   -0.4867823705460159     -0.1516115647526877     0.01123333676428082
   -0.1516115647526877     -0.4867823705460159     0.01123333676428082
   -0.4867823705460159     -0.3616060647012964     0.01123333676428082
   -0.3616060647012964     -0.4867823705460159     0.01123333676428082
   -0.3700917852993729     -0.2555295906390694    0.006722239780357272
   -0.2555295906390694     -0.3700917852993729    0.006722239780357272
   -0.3743786240615577     -0.2555295906390694    0.006722239780357272
   -0.2555295906390694     -0.3743786240615577    0.006722239780357272
   -0.3743786240615577     -0.3700917852993729    0.006722239780357272
   -0.3700917852993729     -0.3743786240615577    0.006722239780357272

