# Rule degree: 49
  -0.3333333333333333    -0.3333333333333333    0.01195898958350532
  -0.9449519033448841     0.8899038066897682   0.001575792086269254
   0.8899038066897682    -0.9449519033448841   0.001575792086269254
  -0.9449519033448841    -0.9449519033448841   0.001575792086269254
 -0.01305251794843343    -0.9738949641031331   0.003317285482473548
  -0.9738949641031331   -0.01305251794843348   0.003317285482473548
 -0.01305251794843343   -0.01305251794843348   0.003317285482473548
  -0.5296645924441219     0.5296645924441219  0.0003451020615416729
   0.5296645924441219    -0.5296645924441219  0.0003451020615416729
                   -1     0.5296645924441219  0.0003451020615416729
   0.5296645924441219                     -1  0.0003451020615416729
                   -1    -0.5296645924441219  0.0003451020615416729
  -0.5296645924441219                     -1  0.0003451020615416729
   -0.138899290933272     0.1388342016029252  0.0004504051970461744
   0.1388342016029251     -0.138899290933272  0.0004504051970461744
  -0.9999349106696531     0.1388342016029252  0.0004504051970461744
   0.1388342016029252    -0.9999349106696531  0.0004504051970461744
  -0.9999349106696531     -0.138899290933272  0.0004504051970461744
   -0.138899290933272    -0.9999349106696531  0.0004504051970461744
  -0.8799093538071525     0.8794572791314265  0.0002148717530677618
   0.8794572791314264    -0.8799093538071525  0.0002148717530677618
  -0.9995479253242738     0.8794572791314265  0.0002148717530677618
   0.8794572791314264    -0.9995479253242738  0.0002148717530677618
  -0.9995479253242738    -0.8799093538071525  0.0002148717530677618
  -0.8799093538071525    -0.9995479253242738  0.0002148717530677618
  -0.3965960882472985     0.3958669619665852  0.0004701348336159089
   0.3958669619665853    -0.3965960882472985  0.0004701348336159089
  -0.9992708737192868     0.3958669619665852  0.0004701348336159089
   0.3958669619665852    -0.9992708737192868  0.0004701348336159089
  -0.9992708737192868    -0.3965960882472985  0.0004701348336159089
  -0.3965960882472985    -0.9992708737192868  0.0004701348336159089
  -0.9617076204601239     0.9602112262655547  0.0001641995328184972
   0.9602112262655547    -0.9617076204601238  0.0001641995328184972
  -0.9985036058054307     0.9602112262655547  0.0001641995328184972
   0.9602112262655547    -0.9985036058054308  0.0001641995328184972
  -0.9985036058054308    -0.9617076204601238  0.0001641995328184972
  -0.9617076204601238    -0.9985036058054308  0.0001641995328184972
  -0.9917649765251788     0.9902193322372763  7.959724028618619e-05
   0.9902193322372763    -0.9917649765251788  7.959724028618619e-05
  -0.9984543557120975     0.9902193322372763  7.959724028618619e-05
   0.9902193322372763    -0.9984543557120975  7.959724028618619e-05
  -0.9984543557120975    -0.9917649765251788  7.959724028618619e-05
  -0.9917649765251788    -0.9984543557120975  7.959724028618619e-05
  -0.2705692107857197      0.268539569976555  0.0006921865321547804
    0.268539569976555    -0.2705692107857197  0.0006921865321547804
  -0.9979703591908353      0.268539569976555  0.0006921865321547804
    0.268539569976555    -0.9979703591908353  0.0006921865321547804
  -0.9979703591908353    -0.2705692107857197  0.0006921865321547804
  -0.2705692107857197    -0.9979703591908353  0.0006921865321547804
  -0.8104042936194367     0.8075382703329114  0.0005640599301702445
   0.8075382703329113    -0.8104042936194367  0.0005640599301702445
  -0.9971339767134746     0.8075382703329114  0.0005640599301702445
   0.8075382703329113    -0.9971339767134746  0.0005640599301702445
  -0.9971339767134746    -0.8104042936194367  0.0005640599301702445
  -0.8104042936194367    -0.9971339767134746  0.0005640599301702445
  -0.6478199695673443     0.6444258496489667    0.00081934792087671
   0.6444258496489668    -0.6478199695673443    0.00081934792087671
  -0.9966058800816224     0.6444258496489667    0.00081934792087671
   0.6444258496489668    -0.9966058800816224    0.00081934792087671
  -0.9966058800816224    -0.6478199695673443    0.00081934792087671
  -0.6478199695673443    -0.9966058800816224    0.00081934792087671
-0.002394830341336252  -0.001797459312069261  0.0006964136756243778
-0.001797459312069205  -0.002394830341336307  0.0006964136756243778
  -0.9958077103465945  -0.001797459312069261  0.0006964136756243778
-0.001797459312069207    -0.9958077103465945  0.0006964136756243778
  -0.9958077103465945  -0.002394830341336307  0.0006964136756243778
-0.002394830341336253    -0.9958077103465945  0.0006964136756243778
    -0.73368023915044     0.7287046161209703   0.001030409621879002
   0.7287046161209703      -0.73368023915044   0.001030409621879002
  -0.9950243769705303     0.7287046161209703   0.001030409621879002
   0.7287046161209703    -0.9950243769705303   0.001030409621879002
  -0.9950243769705303      -0.73368023915044   0.001030409621879002
    -0.73368023915044    -0.9950243769705303   0.001030409621879002
   -0.927620071334132     0.9218019047795097  0.0006207952724680579
   0.9218019047795096     -0.927620071334132  0.0006207952724680579
  -0.9941818334453776     0.9218019047795097  0.0006207952724680579
   0.9218019047795096    -0.9941818334453776  0.0006207952724680579
  -0.9941818334453776     -0.927620071334132  0.0006207952724680579
   -0.927620071334132    -0.9941818334453776  0.0006207952724680579
  -0.9779008470364821     0.9689029027193266  0.0003468047114520896
   0.9689029027193266    -0.9779008470364821  0.0003468047114520896
  -0.9910020556828445     0.9689029027193266  0.0003468047114520896
   0.9689029027193266    -0.9910020556828445  0.0003468047114520896
  -0.9910020556828445    -0.9779008470364821  0.0003468047114520896
  -0.9779008470364821    -0.9910020556828445  0.0003468047114520896
  -0.5772636653973806     0.5674562963944354   0.001454454150082249
   0.5674562963944354    -0.5772636653973806   0.001454454150082249
  -0.9901926309970548     0.5674562963944354   0.001454454150082249
   0.5674562963944354    -0.9901926309970548   0.001454454150082249
  -0.9901926309970548    -0.5772636653973806   0.001454454150082249
  -0.5772636653973806    -0.9901926309970548   0.001454454150082249
  -0.4710057863916388      0.461153037174685   0.001865137819280615
    0.461153037174685    -0.4710057863916388   0.001865137819280615
  -0.9901472507830462      0.461153037174685   0.001865137819280615
    0.461153037174685    -0.9901472507830462   0.001865137819280615
  -0.9901472507830462    -0.4710057863916388   0.001865137819280615
  -0.4710057863916388    -0.9901472507830462   0.001865137819280615
  -0.8732465796320128     0.8617945759959672   0.001014529955916479
   0.8617945759959671    -0.8732465796320128   0.001014529955916479
  -0.9885479963639543     0.8617945759959672   0.001014529955916479
   0.8617945759959671    -0.9885479963639543   0.001014529955916479
  -0.9885479963639543    -0.8732465796320128   0.001014529955916479
  -0.8732465796320128    -0.9885479963639543   0.001014529955916479
  -0.1140586387454687     0.1022793903721423   0.002215124983528493
   0.1022793903721423    -0.1140586387454687   0.002215124983528493
  -0.9882207516266737     0.1022793903721423   0.002215124983528493
   0.1022793903721423    -0.9882207516266738   0.002215124983528493
  -0.9882207516266737    -0.1140586387454687   0.002215124983528493
  -0.1140586387454687    -0.9882207516266738   0.002215124983528493
  -0.3539825405710035     0.3421001829957002   0.002077899378133746
   0.3421001829957002    -0.3539825405710035   0.002077899378133746
  -0.9881176424246967     0.3421001829957002   0.002077899378133746
   0.3421001829957002    -0.9881176424246967   0.002077899378133746
  -0.9881176424246967    -0.3539825405710035   0.002077899378133746
  -0.3539825405710035    -0.9881176424246967   0.002077899378133746
  -0.2271567784556185     0.2147382835768497   0.002095558480655172
   0.2147382835768497    -0.2271567784556185   0.002095558480655172
  -0.9875815051212311     0.2147382835768497   0.002095558480655172
   0.2147382835768497    -0.9875815051212311   0.002095558480655172
  -0.9875815051212311    -0.2271567784556185   0.002095558480655172
  -0.2271567784556185    -0.9875815051212311   0.002095558480655172
  -0.8164384661377067     0.8000039160054238    0.00119283601586883
   0.8000039160054238    -0.8164384661377067    0.00119283601586883
  -0.9835654498677171     0.8000039160054238    0.00119283601586883
   0.8000039160054238    -0.9835654498677171    0.00119283601586883
  -0.9835654498677171    -0.8164384661377067    0.00119283601586883
  -0.8164384661377067    -0.9835654498677171    0.00119283601586883
  -0.9555558790388898     0.9341660136803215  0.0008986097393357932
   0.9341660136803216    -0.9555558790388898  0.0008986097393357932
  -0.9786101346414318     0.9341660136803215  0.0008986097393357932
   0.9341660136803216    -0.9786101346414318  0.0008986097393357932
  -0.9786101346414318    -0.9555558790388898  0.0008986097393357932
  -0.9555558790388898    -0.9786101346414318  0.0008986097393357932
  -0.6707009389925671     0.6480193399387666   0.002547452448766475
   0.6480193399387666    -0.6707009389925671   0.002547452448766475
  -0.9773184009461995     0.6480193399387666   0.002547452448766475
   0.6480193399387666    -0.9773184009461995   0.002547452448766475
  -0.9773184009461995    -0.6707009389925671   0.002547452448766475
  -0.6707009389925671    -0.9773184009461995   0.002547452448766475
  -0.7562211680046806       0.73219716761514     0.0017927723218077
     0.73219716761514    -0.7562211680046806     0.0017927723218077
  -0.9759759996104593       0.73219716761514     0.0017927723218077
     0.73219716761514    -0.9759759996104593     0.0017927723218077
  -0.9759759996104593    -0.7562211680046806     0.0017927723218077
  -0.7562211680046806    -0.9759759996104593     0.0017927723218077
  -0.9108741804381286     0.8824974128262484   0.001458794053855391
   0.8824974128262484    -0.9108741804381286   0.001458794053855391
  -0.9716232323881198     0.8824974128262484   0.001458794053855391
   0.8824974128262484    -0.9716232323881198   0.001458794053855391
  -0.9716232323881198    -0.9108741804381286   0.001458794053855391
  -0.9108741804381286    -0.9716232323881198   0.001458794053855391
  -0.5615819934295927     0.5314629825921267   0.002792889251627798
   0.5314629825921267    -0.5615819934295927   0.002792889251627798
   -0.969880989162534     0.5314629825921267   0.002792889251627798
   0.5314629825921267     -0.969880989162534   0.002792889251627798
   -0.969880989162534    -0.5615819934295927   0.002792889251627798
  -0.5615819934295927     -0.969880989162534   0.002792889251627798
  -0.4524741113615917     0.4188413400475906   0.003343475444275561
   0.4188413400475905    -0.4524741113615918   0.003343475444275561
  -0.9663672286859988     0.4188413400475906   0.003343475444275561
   0.4188413400475906    -0.9663672286859988   0.003343475444275561
  -0.9663672286859988    -0.4524741113615918   0.003343475444275561
  -0.4524741113615917    -0.9663672286859988   0.003343475444275561
  -0.3391430245429456     0.3041897404455858   0.003218879941754844
   0.3041897404455858    -0.3391430245429456   0.003218879941754844
  -0.9650467159026401     0.3041897404455858   0.003218879941754844
   0.3041897404455858    -0.9650467159026401   0.003218879941754844
  -0.9650467159026401    -0.3391430245429456   0.003218879941754844
  -0.3391430245429456    -0.9650467159026401   0.003218879941754844
  -0.2350473089668038     0.1979385412769386    0.00337408821441687
   0.1979385412769386    -0.2350473089668038    0.00337408821441687
  -0.9628912323101348     0.1979385412769386    0.00337408821441687
   0.1979385412769386    -0.9628912323101347    0.00337408821441687
  -0.9628912323101348    -0.2350473089668038    0.00337408821441687
  -0.2350473089668038    -0.9628912323101347    0.00337408821441687
  -0.1279394463622741    0.08833612076500885   0.003790140773932082
  0.08833612076500885    -0.1279394463622741   0.003790140773932082
  -0.9603966744027348    0.08833612076500885   0.003790140773932082
  0.08833612076500882    -0.9603966744027348   0.003790140773932082
  -0.9603966744027348    -0.1279394463622741   0.003790140773932082
  -0.1279394463622741    -0.9603966744027348   0.003790140773932082
  -0.8522339409813482     0.8118304209087603   0.002179289692650711
   0.8118304209087603    -0.8522339409813482   0.002179289692650711
  -0.9595964799274121     0.8118304209087603   0.002179289692650711
   0.8118304209087603    -0.9595964799274121   0.002179289692650711
  -0.9595964799274121    -0.8522339409813482   0.002179289692650711
  -0.8522339409813482    -0.9595964799274121   0.002179289692650711
  -0.7883833890905216     0.7434695746496791   0.001448395160944256
   0.7434695746496791    -0.7883833890905216   0.001448395160944256
  -0.9550861855591575     0.7434695746496791   0.001448395160944256
   0.7434695746496791    -0.9550861855591575   0.001448395160944256
  -0.9550861855591575    -0.7883833890905216   0.001448395160944256
  -0.7883833890905216    -0.9550861855591575   0.001448395160944256
  -0.6307497261632919     0.5760042043298439   0.003645438580873149
   0.5760042043298439    -0.6307497261632919   0.003645438580873149
  -0.9452544781665519     0.5760042043298439   0.003645438580873149
   0.5760042043298439    -0.9452544781665519   0.003645438580873149
  -0.9452544781665519    -0.6307497261632919   0.003645438580873149
  -0.6307497261632919    -0.9452544781665519   0.003645438580873149
  -0.7215581562103439     0.6639171904987351   0.003462763918916639
   0.6639171904987351    -0.7215581562103439   0.003462763918916639
  -0.9423590342883912     0.6639171904987351   0.003462763918916639
   0.6639171904987351    -0.9423590342883912   0.003462763918916639
  -0.9423590342883912    -0.7215581562103439   0.003462763918916639
  -0.7215581562103439    -0.9423590342883912   0.003462763918916639
  -0.5219865302421951     0.4567208041686377   0.004390183863029946
   0.4567208041686377    -0.5219865302421951   0.004390183863029946
  -0.9347342739264426     0.4567208041686377   0.004390183863029946
   0.4567208041686377    -0.9347342739264426   0.004390183863029946
  -0.9347342739264426    -0.5219865302421951   0.004390183863029946
  -0.5219865302421951    -0.9347342739264426   0.004390183863029946
  -0.8975843740833611     0.8312988880450034   0.002209671245930099
   0.8312988880450034    -0.8975843740833611   0.002209671245930099
  -0.9337145139616423     0.8312988880450034   0.002209671245930099
   0.8312988880450034    -0.9337145139616423   0.002209671245930099
  -0.9337145139616423    -0.8975843740833611   0.002209671245930099
  -0.8975843740833611    -0.9337145139616423   0.002209671245930099
 -0.03422529724863971    -0.0323769649671255   0.002933766823711786
 -0.03237696496712555   -0.03422529724863965   0.002933766823711786
  -0.9333977377842348    -0.0323769649671255   0.002933766823711786
 -0.03237696496712555    -0.9333977377842348   0.002933766823711786
  -0.9333977377842348   -0.03422529724863965   0.002933766823711786
 -0.03422529724863971    -0.9333977377842348   0.002933766823711786
  -0.4019669391048337     0.3324559000993438   0.004937595980836818
   0.3324559000993438    -0.4019669391048337   0.004937595980836818
  -0.9304889609945102     0.3324559000993438   0.004937595980836818
   0.3324559000993438    -0.9304889609945102   0.004937595980836818
  -0.9304889609945102    -0.4019669391048337   0.004937595980836818
  -0.4019669391048337    -0.9304889609945102   0.004937595980836818
  -0.8087821587895885     0.7351051561362272   0.002822802144912439
   0.7351051561362272    -0.8087821587895885   0.002822802144912439
  -0.9263229973466387     0.7351051561362272   0.002822802144912439
   0.7351051561362272    -0.9263229973466387   0.002822802144912439
  -0.9263229973466387    -0.8087821587895885   0.002822802144912439
  -0.8087821587895885    -0.9263229973466387   0.002822802144912439
   -0.287145438722253     0.2121212847535992   0.005377485285128483
   0.2121212847535992     -0.287145438722253   0.005377485285128483
  -0.9249758460313462     0.2121212847535992   0.005377485285128483
   0.2121212847535992    -0.9249758460313462   0.005377485285128483
  -0.9249758460313462     -0.287145438722253   0.005377485285128483
   -0.287145438722253    -0.9249758460313462   0.005377485285128483
  -0.1696993440264963    0.09120188788305622    0.00538658725736937
  0.09120188788305628    -0.1696993440264962    0.00538658725736937
  -0.9215025438565601    0.09120188788305622    0.00538658725736937
  0.09120188788305622    -0.9215025438565601    0.00538658725736937
  -0.9215025438565601    -0.1696993440264962    0.00538658725736937
  -0.1696993440264963    -0.9215025438565601    0.00538658725736937
  -0.8618588984812173     0.7639200456424833    0.00291334687784904
   0.7639200456424833    -0.8618588984812172    0.00291334687784904
   -0.902061147161266     0.7639200456424833    0.00291334687784904
   0.7639200456424833    -0.9020611471612661    0.00291334687784904
  -0.9020611471612661    -0.8618588984812172    0.00291334687784904
  -0.8618588984812172    -0.9020611471612661    0.00291334687784904
  -0.5958801813394172     0.4968688686882143   0.004572009962757116
   0.4968688686882143    -0.5958801813394172   0.004572009962757116
  -0.9009886873487971     0.4968688686882143   0.004572009962757116
   0.4968688686882142    -0.9009886873487972   0.004572009962757116
  -0.9009886873487971    -0.5958801813394172   0.004572009962757116
  -0.5958801813394171    -0.9009886873487972   0.004572009962757116
   -0.680683910559339     0.5800294249248945   0.004078718533390863
   0.5800294249248945     -0.680683910559339   0.004078718533390863
  -0.8993455143655555     0.5800294249248945   0.004078718533390863
   0.5800294249248945    -0.8993455143655555   0.004078718533390863
  -0.8993455143655555     -0.680683910559339   0.004078718533390863
   -0.680683910559339    -0.8993455143655555   0.004078718533390863
  -0.7595103175071045     0.6514888807007799   0.004133391789605327
   0.6514888807007799    -0.7595103175071045   0.004133391789605327
  -0.8919785631936754     0.6514888807007799   0.004133391789605327
   0.6514888807007799    -0.8919785631936754   0.004133391789605327
  -0.8919785631936754    -0.7595103175071045   0.004133391789605327
  -0.7595103175071045    -0.8919785631936754   0.004133391789605327
  -0.4790278123193236     0.3698525314086169   0.005351724431204755
   0.3698525314086169    -0.4790278123193236   0.005351724431204755
  -0.8908247190892933     0.3698525314086169   0.005351724431204755
   0.3698525314086169    -0.8908247190892933   0.005351724431204755
  -0.8908247190892933    -0.4790278123193236   0.005351724431204755
  -0.4790278123193236    -0.8908247190892933   0.005351724431204755
  -0.1174292955178765   -0.00233960016816176   0.006684001718892444
 -0.00233960016816176    -0.1174292955178765   0.006684001718892444
  -0.8802311043139617   -0.00233960016816176   0.006684001718892444
 -0.00233960016816178    -0.8802311043139617   0.006684001718892444
  -0.8802311043139617    -0.1174292955178765   0.006684001718892444
  -0.1174292955178765    -0.8802311043139617   0.006684001718892444
   -0.371008330202074     0.2468322318348778   0.006909148439653767
   0.2468322318348779    -0.3710083302020739   0.006909148439653767
   -0.875823901632804     0.2468322318348778   0.006909148439653767
   0.2468322318348778     -0.875823901632804   0.006909148439653767
   -0.875823901632804    -0.3710083302020739   0.006909148439653767
   -0.371008330202074     -0.875823901632804   0.006909148439653767
  -0.2541981944656211     0.1270020418663018   0.006451220137094608
   0.1270020418663018    -0.2541981944656211   0.006451220137094608
  -0.8728038474006807     0.1270020418663018   0.006451220137094608
   0.1270020418663018    -0.8728038474006807   0.006451220137094608
  -0.8728038474006807    -0.2541981944656211   0.006451220137094608
  -0.2541981944656211    -0.8728038474006807   0.006451220137094608
  -0.8218648628057601     0.6839832430636009   0.003559595836991838
   0.6839832430636009    -0.8218648628057602   0.003559595836991838
  -0.8621183802578409     0.6839832430636009   0.003559595836991838
    0.683983243063601    -0.8621183802578409   0.003559595836991838
  -0.8621183802578408    -0.8218648628057602   0.003559595836991838
  -0.8218648628057601    -0.8621183802578409   0.003559595836991838
  -0.5476429516772194      0.403115310449576   0.004047385615213323
    0.403115310449576    -0.5476429516772194   0.004047385615213323
  -0.8554723587723565      0.403115310449576   0.004047385615213323
    0.403115310449576    -0.8554723587723565   0.004047385615213323
  -0.8554723587723565    -0.5476429516772194   0.004047385615213323
  -0.5476429516772194    -0.8554723587723565   0.004047385615213323
  -0.6934700395956452     0.5368574288644508   0.005060218810257261
   0.5368574288644508    -0.6934700395956452   0.005060218810257261
  -0.8433873892688055     0.5368574288644508   0.005060218810257261
   0.5368574288644508    -0.8433873892688055   0.005060218810257261
  -0.8433873892688055    -0.6934700395956452   0.005060218810257261
  -0.6934700395956452    -0.8433873892688055   0.005060218810257261
  -0.6137235910226686     0.4560450142465444   0.004423384990989238
   0.4560450142465444    -0.6137235910226686   0.004423384990989238
  -0.8423214232238758     0.4560450142465444   0.004423384990989238
   0.4560450142465444    -0.8423214232238758   0.004423384990989238
  -0.8423214232238758    -0.6137235910226686   0.004423384990989238
  -0.6137235910226686    -0.8423214232238758   0.004423384990989238
  -0.2151934124780616    0.04665729229926402   0.003548024284681063
  0.04665729229926402    -0.2151934124780616   0.003548024284681063
  -0.8314638798212024    0.04665729229926402   0.003548024284681063
  0.04665729229926403    -0.8314638798212024   0.003548024284681063
  -0.8314638798212024    -0.2151934124780616   0.003548024284681063
  -0.2151934124780616    -0.8314638798212024   0.003548024284681063
  -0.4672683708551947       0.29226826505057   0.007160881020108059
   0.2922682650505699    -0.4672683708551948   0.007160881020108059
  -0.8249998941953751       0.29226826505057   0.007160881020108059
     0.29226826505057    -0.8249998941953751   0.007160881020108059
  -0.8249998941953751    -0.4672683708551948   0.007160881020108059
  -0.4672683708551947    -0.8249998941953751   0.007160881020108059
  -0.7686992213207897      0.591238823252987   0.005109272485736892
    0.591238823252987    -0.7686992213207897   0.005109272485736892
  -0.8225396019321973      0.591238823252987   0.005109272485736892
    0.591238823252987    -0.8225396019321973   0.005109272485736892
  -0.8225396019321973    -0.7686992213207897   0.005109272485736892
  -0.7686992213207897    -0.8225396019321973   0.005109272485736892
  -0.2701529604818356    0.09141287204602383     0.0026113266081555
  0.09141287204602383    -0.2701529604818356     0.0026113266081555
  -0.8212599115641883    0.09141287204602383     0.0026113266081555
  0.09141287204602384    -0.8212599115641883     0.0026113266081555
  -0.8212599115641883    -0.2701529604818356     0.0026113266081555
  -0.2701529604818356    -0.8212599115641883     0.0026113266081555
  -0.1425155347195532    -0.0425456095629082   0.006954199986856791
  -0.0425456095629082    -0.1425155347195532   0.006954199986856791
  -0.8149388557175385    -0.0425456095629082   0.006954199986856791
 -0.04254560956290818    -0.8149388557175385   0.006954199986856791
  -0.8149388557175385    -0.1425155347195532   0.006954199986856791
  -0.1425155347195532    -0.8149388557175385   0.006954199986856791
  -0.3608099636370383     0.1671442764132003   0.008247431618254062
   0.1671442764132003    -0.3608099636370383   0.008247431618254062
   -0.806334312776162     0.1671442764132003   0.008247431618254062
   0.1671442764132003     -0.806334312776162   0.008247431618254062
   -0.806334312776162    -0.3608099636370383   0.008247431618254062
  -0.3608099636370383     -0.806334312776162   0.008247431618254062
  -0.5646704328207546     0.3462162186849434   0.007297823167186961
   0.3462162186849433    -0.5646704328207546   0.007297823167186961
  -0.7815457858641888     0.3462162186849434   0.007297823167186961
   0.3462162186849433    -0.7815457858641888   0.007297823167186961
  -0.7815457858641888    -0.5646704328207546   0.007297823167186961
  -0.5646704328207546    -0.7815457858641888   0.007297823167186961
  -0.6567599723253674      0.437619875120378   0.005344272934093373
   0.4376198751203779    -0.6567599723253674   0.005344272934093373
  -0.7808599027950105      0.437619875120378   0.005344272934093373
    0.437619875120378    -0.7808599027950105   0.005344272934093373
  -0.7808599027950105    -0.6567599723253674   0.005344272934093373
  -0.6567599723253674    -0.7808599027950105   0.005344272934093373
  -0.7259338223718973     0.4904759790012347   0.004570810390036952
   0.4904759790012347    -0.7259338223718974   0.004570810390036952
  -0.7645421566293374     0.4904759790012347   0.004570810390036952
   0.4904759790012348    -0.7645421566293373   0.004570810390036952
  -0.7645421566293373    -0.7259338223718974   0.004570810390036952
  -0.7259338223718974    -0.7645421566293373   0.004570810390036952
  -0.2676369115923912    0.03121913110250624    0.00798674972272018
  0.03121913110250624    -0.2676369115923911    0.00798674972272018
  -0.7635822195101152    0.03121913110250624    0.00798674972272018
  0.03121913110250625    -0.7635822195101152    0.00798674972272018
  -0.7635822195101152    -0.2676369115923911    0.00798674972272018
  -0.2676369115923912    -0.7635822195101152    0.00798674972272018
  -0.4661879431430485     0.2135671090213741   0.008610380896374859
    0.213567109021374    -0.4661879431430485   0.008610380896374859
  -0.7473791658783255     0.2135671090213741   0.008610380896374859
   0.2135671090213741    -0.7473791658783254   0.008610380896374859
  -0.7473791658783255    -0.4661879431430485   0.008610380896374859
  -0.4661879431430485    -0.7473791658783254   0.008610380896374859
  -0.1762918600528849   -0.08561505606479486   0.007770005654314039
 -0.08561505606479486    -0.1762918600528849   0.007770005654314039
  -0.7380930838823201   -0.08561505606479486   0.007770005654314039
 -0.08561505606479489    -0.7380930838823201   0.007770005654314039
  -0.7380930838823201    -0.1762918600528849   0.007770005654314039
   -0.176291860052885    -0.7380930838823201   0.007770005654314039
   -0.374834144404482    0.09181208791806206   0.009309050798092895
  0.09181208791806206     -0.374834144404482   0.009309050798092895
  -0.7169779435135801    0.09181208791806206   0.009309050798092895
  0.09181208791806206    -0.7169779435135801   0.009309050798092895
  -0.7169779435135801     -0.374834144404482   0.009309050798092895
   -0.374834144404482    -0.7169779435135801   0.009309050798092895
  -0.6557997011475014     0.3655640312664448   0.006541552770473142
   0.3655640312664448    -0.6557997011475014   0.006541552770473142
  -0.7097643301189434     0.3655640312664448   0.006541552770473142
   0.3655640312664448    -0.7097643301189434   0.006541552770473142
  -0.7097643301189434    -0.6557997011475014   0.006541552770473142
  -0.6557997011475014    -0.7097643301189434   0.006541552770473142
  -0.5677166885657718     0.2690361775699492   0.007785114828070675
   0.2690361775699492    -0.5677166885657718   0.007785114828070675
  -0.7013194890041774     0.2690361775699492   0.007785114828070675
   0.2690361775699492    -0.7013194890041774   0.007785114828070675
  -0.7013194890041774    -0.5677166885657718   0.007785114828070675
  -0.5677166885657718    -0.7013194890041774   0.007785114828070675
  -0.2777476867117568    -0.0478652781563913   0.009776621390336693
  -0.0478652781563913    -0.2777476867117568   0.009776621390336693
  -0.6743870351318519    -0.0478652781563913   0.009776621390336693
 -0.04786527815639133    -0.6743870351318519   0.009776621390336693
  -0.6743870351318519    -0.2777476867117568   0.009776621390336693
  -0.2777476867117568    -0.6743870351318519   0.009776621390336693
  -0.4922169662703091     0.1421870670834232    0.01018102681334235
   0.1421870670834232    -0.4922169662703091    0.01018102681334235
   -0.649970100813114     0.1421870670834232    0.01018102681334235
   0.1421870670834232     -0.649970100813114    0.01018102681334235
   -0.649970100813114    -0.4922169662703091    0.01018102681334235
  -0.4922169662703091     -0.649970100813114    0.01018102681334235
  -0.1859652838466015    -0.1717156318353166   0.005800901318554812
  -0.1717156318353165    -0.1859652838466015   0.005800901318554812
  -0.6423190843180819    -0.1717156318353166   0.005800901318554812
  -0.1717156318353165    -0.6423190843180819   0.005800901318554812
  -0.6423190843180819    -0.1859652838466015   0.005800901318554812
  -0.1859652838466015    -0.6423190843180819   0.005800901318554812
  -0.3931431678058681    0.02043300858588498    0.00917038622471302
  0.02043300858588498    -0.3931431678058681    0.00917038622471302
  -0.6272898407800169    0.02043300858588498    0.00917038622471302
  0.02043300858588498    -0.6272898407800169    0.00917038622471302
  -0.6272898407800169    -0.3931431678058681    0.00917038622471302
  -0.3931431678058681    -0.6272898407800169    0.00917038622471302
  -0.6174552182269218      0.235045726879805   0.004482902327143667
   0.2350457268798049    -0.6174552182269218   0.004482902327143667
  -0.6175905086528831      0.235045726879805   0.004482902327143667
   0.2350457268798049    -0.6175905086528832   0.004482902327143667
  -0.6175905086528831    -0.6174552182269218   0.004482902327143667
  -0.6174552182269217    -0.6175905086528832   0.004482902327143667
  -0.3157687521292484    -0.1097477560860762    0.01083515351193811
  -0.1097477560860761    -0.3157687521292484    0.01083515351193811
  -0.5744834917846755    -0.1097477560860762    0.01083515351193811
  -0.1097477560860761    -0.5744834917846755    0.01083515351193811
  -0.5744834917846755    -0.3157687521292484    0.01083515351193811
  -0.3157687521292484    -0.5744834917846755    0.01083515351193811
  -0.5568075253339122     0.1136818933443182   0.004713036934866393
   0.1136818933443182    -0.5568075253339122   0.004713036934866393
   -0.556874368010406     0.1136818933443182   0.004713036934866393
   0.1136818933443182     -0.556874368010406   0.004713036934866393
   -0.556874368010406    -0.5568075253339122   0.004713036934866393
  -0.5568075253339122     -0.556874368010406   0.004713036934866393
  -0.4592312631078403   0.005283225289663296   0.009512410962832781
 0.005283225289663296    -0.4592312631078403   0.009512410962832781
  -0.5460519621818229   0.005283225289663296   0.009512410962832781
 0.005283225289663324    -0.5460519621818229   0.009512410962832781
  -0.5460519621818229    -0.4592312631078403   0.009512410962832781
  -0.4592312631078403    -0.5460519621818229   0.009512410962832781
  -0.2478126831595646    -0.2174297466251225   0.005799258002045542
  -0.2174297466251225    -0.2478126831595646   0.005799258002045542
  -0.5347575702153129    -0.2174297466251225   0.005799258002045542
  -0.2174297466251225    -0.5347575702153129   0.005799258002045542
  -0.5347575702153129    -0.2478126831595646   0.005799258002045542
  -0.2478126831595646    -0.5347575702153129   0.005799258002045542
   -0.404444321959864    -0.1081069148328322   0.009639995914550109
  -0.1081069148328322     -0.404444321959864   0.009639995914550109
  -0.4874487632073037    -0.1081069148328322   0.009639995914550109
  -0.1081069148328322    -0.4874487632073037   0.009639995914550109
  -0.4874487632073037     -0.404444321959864   0.009639995914550109
   -0.404444321959864    -0.4874487632073037   0.009639995914550109
    -0.33749324208983    -0.2227491827091053    0.01152994069845595
  -0.2227491827091053      -0.33749324208983    0.01152994069845595
  -0.4397575752010647    -0.2227491827091053    0.01152994069845595
  -0.2227491827091053    -0.4397575752010647    0.01152994069845595
  -0.4397575752010647      -0.33749324208983    0.01152994069845595
    -0.33749324208983    -0.4397575752010647    0.01152994069845595

