# Rule degree: 49
  -0.9959115628174559     0.9918231256349117  0.0001111730246881012
   0.9918231256349116    -0.9959115628174559  0.0001111730246881012
  -0.9959115628174559    -0.9959115628174559  0.0001111730246881012
  -0.9762694689972826     0.9525389379945652  0.0006734355240996063
   0.9525389379945652    -0.9762694689972826  0.0006734355240996063
  -0.9762694689972826    -0.9762694689972826  0.0006734355240996063
  -0.9510146152048347     0.9020292304096693   0.001552052372131115
   0.9020292304096693    -0.9510146152048347   0.001552052372131115
  -0.9510146152048347    -0.9510146152048347   0.001552052372131115
  -0.8866070795387783     0.7732141590775565   0.003206111026783524
   0.7732141590775566    -0.8866070795387783   0.003206111026783524
  -0.8866070795387783    -0.8866070795387783   0.003206111026783524
  -0.8401738865482073     0.6803477730964147   0.003106506642745811
   0.6803477730964147    -0.8401738865482073   0.003106506642745811
  -0.8401738865482073    -0.8401738865482073   0.003106506642745811
  -0.7935421075436793     0.5870842150873585   0.005578601318680531
   0.5870842150873585    -0.7935421075436793   0.005578601318680531
  -0.7935421075436793    -0.7935421075436793   0.005578601318680531
   -0.739045127222048     0.4780902544440959   0.006741416233790198
   0.4780902544440959     -0.739045127222048   0.006741416233790198
   -0.739045127222048     -0.739045127222048   0.006741416233790198
  -0.6798647718141936     0.3597295436283872   0.007296293228920054
   0.3597295436283871    -0.6798647718141937   0.007296293228920054
  -0.6798647718141935    -0.6798647718141937   0.007296293228920054
  -0.6159448403818848     0.2318896807637696   0.007038527841878423
   0.2318896807637696    -0.6159448403818848   0.007038527841878423
  -0.6159448403818848    -0.6159448403818848   0.007038527841878423
  -0.5200386511117889    0.04007730222357792     0.0101268677686939
  0.04007730222357789    -0.5200386511117889     0.0101268677686939
  -0.5200386511117889    -0.5200386511117889     0.0101268677686939
  -0.4075473331100374    -0.1849053337799251    0.01169486875848255
  -0.1849053337799251    -0.4075473331100374    0.01169486875848255
  -0.4075473331100374    -0.4075473331100374    0.01169486875848255
  -0.2973546118365229    -0.4052907763269542    0.01189156477628958
  -0.4052907763269542    -0.2973546118365229    0.01189156477628958
  -0.2973546118365229    -0.2973546118365229    0.01189156477628958
  -0.1963731002664331    -0.6072537994671339    0.01115883673929345
  -0.6072537994671339    -0.1963731002664331    0.01115883673929345
  -0.1963731002664331    -0.1963731002664331    0.01115883673929345
  -0.1833726057359607    -0.6332547885280786  4.633678622749259e-05
  -0.6332547885280786    -0.1833726057359608  4.633678622749259e-05
  -0.1833726057359607    -0.1833726057359608  4.633678622749259e-05
  -0.1504258765654832    -0.6991482468690335   0.008780469045508148
  -0.6991482468690335    -0.1504258765654832   0.008780469045508148
  -0.1504258765654832    -0.1504258765654832   0.008780469045508148
  -0.1110587074024403    -0.7778825851951194   0.007264329981752679
  -0.7778825851951194    -0.1110587074024403   0.007264329981752679
  -0.1110587074024403    -0.1110587074024403   0.007264329981752679
 -0.07666518814087786    -0.8466696237182443   0.006742251160786014
  -0.8466696237182443    -0.0766651881408778   0.006742251160786014
 -0.07666518814087786    -0.0766651881408778   0.006742251160786014
 -0.00141889793341976    -0.9971622041331605  0.0009017386998339082
  -0.9971622041331605   -0.00141889793341976  0.0009017386998339082
 -0.00141889793341976   -0.00141889793341976  0.0009017386998339082
  -0.5632860363340898     0.5632763276814128  0.0003104918459218228
   0.5632763276814128    -0.5632860363340899  0.0003104918459218228
   -0.999990291347323     0.5632763276814128  0.0003104918459218228
   0.5632763276814127     -0.999990291347323  0.0003104918459218228
  -0.9999902913473229    -0.5632860363340899  0.0003104918459218228
  -0.5632860363340898     -0.999990291347323  0.0003104918459218228
  -0.8369195708741909     0.8349695490946023  0.0004277381957049855
   0.8349695490946023     -0.836919570874191  0.0004277381957049855
  -0.9980499782204114     0.8349695490946023  0.0004277381957049855
   0.8349695490946023    -0.9980499782204113  0.0004277381957049855
  -0.9980499782204113     -0.836919570874191  0.0004277381957049855
   -0.836919570874191    -0.9980499782204113  0.0004277381957049855
  -0.2273931539627321     0.2250674818002044  0.0007449112252853597
   0.2250674818002044    -0.2273931539627321  0.0007449112252853597
  -0.9976743278374722     0.2250674818002044  0.0007449112252853597
   0.2250674818002043    -0.9976743278374722  0.0007449112252853597
  -0.9976743278374722    -0.2273931539627321  0.0007449112252853597
  -0.2273931539627322    -0.9976743278374722  0.0007449112252853597
  -0.9459499904675177     0.9434312186764354  0.0002750563357094637
   0.9434312186764353    -0.9459499904675177  0.0002750563357094637
  -0.9974812282089176     0.9434312186764354  0.0002750563357094637
   0.9434312186764353    -0.9974812282089176  0.0002750563357094637
  -0.9974812282089176    -0.9459499904675177  0.0002750563357094637
  -0.9459499904675177    -0.9974812282089176  0.0002750563357094637
  -0.7529518966682942      0.750070818127559  0.0006618422225221806
    0.750070818127559    -0.7529518966682942  0.0006618422225221806
  -0.9971189214592648      0.750070818127559  0.0006618422225221806
    0.750070818127559    -0.9971189214592648  0.0006618422225221806
  -0.9971189214592648    -0.7529518966682942  0.0006618422225221806
  -0.7529518966682942    -0.9971189214592648  0.0006618422225221806
  -0.3452846261056661     0.3416914694529551   0.001068272636295109
   0.3416914694529551    -0.3452846261056661   0.001068272636295109
   -0.996406843347289     0.3416914694529551   0.001068272636295109
   0.3416914694529551    -0.9964068433472891   0.001068272636295109
   -0.996406843347289    -0.3452846261056661   0.001068272636295109
  -0.3452846261056661    -0.9964068433472891   0.001068272636295109
  -0.6625252380631814     0.6581459611617433   0.001054642836382447
   0.6581459611617433    -0.6625252380631814   0.001054642836382447
  -0.9956207230985619     0.6581459611617433   0.001054642836382447
   0.6581459611617433    -0.9956207230985619   0.001054642836382447
  -0.9956207230985619    -0.6625252380631814   0.001054642836382447
  -0.6625252380631814    -0.9956207230985619   0.001054642836382447
  -0.4584915148137149     0.4540345840226627    0.00125491319779922
   0.4540345840226627    -0.4584915148137149    0.00125491319779922
  -0.9955430692089479     0.4540345840226627    0.00125491319779922
   0.4540345840226627    -0.9955430692089479    0.00125491319779922
  -0.9955430692089478    -0.4584915148137149    0.00125491319779922
  -0.4584915148137149    -0.9955430692089479    0.00125491319779922
    -0.97810571207015     0.9734947764941171  0.0002953249095677558
   0.9734947764941171      -0.97810571207015  0.0002953249095677558
  -0.9953890644239671     0.9734947764941171  0.0002953249095677558
   0.9734947764941171    -0.9953890644239671  0.0002953249095677558
  -0.9953890644239671      -0.97810571207015  0.0002953249095677558
    -0.97810571207015    -0.9953890644239671  0.0002953249095677558
  -0.8996902316439701     0.8950087965713482  0.0006358236459230294
   0.8950087965713482    -0.8996902316439701  0.0006358236459230294
  -0.9953185649273781     0.8950087965713482  0.0006358236459230294
   0.8950087965713482    -0.9953185649273781  0.0006358236459230294
  -0.9953185649273781    -0.8996902316439701  0.0006358236459230294
  -0.8996902316439701    -0.9953185649273781  0.0006358236459230294
  -0.1164141442388512     0.1113983067190572   0.001455083997843404
   0.1113983067190572    -0.1164141442388512   0.001455083997843404
   -0.994984162480206     0.1113983067190572   0.001455083997843404
   0.1113983067190572    -0.9949841624802059   0.001455083997843404
   -0.994984162480206    -0.1164141442388512   0.001455083997843404
  -0.1164141442388512    -0.9949841624802059   0.001455083997843404
  -0.5663452775825053     0.5554814525390994   0.001790276859905969
   0.5554814525390994    -0.5663452775825053   0.001790276859905969
  -0.9891361749565941     0.5554814525390994   0.001790276859905969
   0.5554814525390994    -0.9891361749565941   0.001790276859905969
  -0.9891361749565941    -0.5663452775825053   0.001790276859905969
  -0.5663452775825053    -0.9891361749565941   0.001790276859905969
  -0.8041333445251591     0.7908320526233652   0.001220131889475969
   0.7908320526233652    -0.8041333445251591   0.001220131889475969
  -0.9866987080982061     0.7908320526233652   0.001220131889475969
   0.7908320526233651    -0.9866987080982063   0.001220131889475969
  -0.9866987080982061    -0.8041333445251591   0.001220131889475969
  -0.8041333445251589    -0.9866987080982063   0.001220131889475969
  -0.2480035251202347     0.2332180788789393   0.002219983629307805
   0.2332180788789394    -0.2480035251202347   0.002219983629307805
  -0.9852145537587046     0.2332180788789393   0.002219983629307805
   0.2332180788789393    -0.9852145537587047   0.002219983629307805
  -0.9852145537587047    -0.2480035251202347   0.002219983629307805
  -0.2480035251202347    -0.9852145537587047   0.002219983629307805
  -0.9449661060069614     0.9289113701881533  0.0007956844372539965
   0.9289113701881533    -0.9449661060069614  0.0007956844372539965
  -0.9839452641811919     0.9289113701881533  0.0007956844372539965
   0.9289113701881533    -0.9839452641811919  0.0007956844372539965
  -0.9839452641811919    -0.9449661060069614  0.0007956844372539965
  -0.9449661060069614    -0.9839452641811919  0.0007956844372539965
  -0.8622397374772539     0.8460600015769975   0.001005012027055131
   0.8460600015769975    -0.8622397374772539   0.001005012027055131
  -0.9838202640997435     0.8460600015769975   0.001005012027055131
   0.8460600015769975    -0.9838202640997435   0.001005012027055131
  -0.9838202640997435    -0.8622397374772539   0.001005012027055131
  -0.8622397374772539    -0.9838202640997435   0.001005012027055131
  -0.7270930596776639     0.7087887121026081   0.001737529318231019
   0.7087887121026082    -0.7270930596776639   0.001737529318231019
  -0.9816956524249443     0.7087887121026081   0.001737529318231019
   0.7087887121026082    -0.9816956524249443   0.001737529318231019
  -0.9816956524249443    -0.7270930596776639   0.001737529318231019
  -0.7270930596776639    -0.9816956524249443   0.001737529318231019
-0.009971206089050166  -0.008860450199035919   0.001503076382913732
-0.008860450199035863  -0.009971206089050222   0.001503076382913732
  -0.9811683437119139  -0.008860450199035919   0.001503076382913732
-0.008860450199035868    -0.9811683437119139   0.001503076382913732
  -0.9811683437119139  -0.009971206089050222   0.001503076382913732
-0.009971206089050172    -0.9811683437119139   0.001503076382913732
  -0.3685200992431142     0.3487346358190173   0.002579650354015624
   0.3487346358190173    -0.3685200992431141   0.002579650354015624
  -0.9802145365759032     0.3487346358190173   0.002579650354015624
   0.3487346358190173    -0.9802145365759032   0.002579650354015624
  -0.9802145365759032    -0.3685200992431141   0.002579650354015624
  -0.3685200992431142    -0.9802145365759032   0.002579650354015624
  -0.4787564074403878     0.4548692626912663   0.002751323747293319
   0.4548692626912663    -0.4787564074403878   0.002751323747293319
  -0.9761128552508784     0.4548692626912663   0.002751323747293319
   0.4548692626912663    -0.9761128552508784   0.002751323747293319
  -0.9761128552508784    -0.4787564074403878   0.002751323747293319
  -0.4787564074403878    -0.9761128552508784   0.002751323747293319
  -0.6464673791461605        0.6225054912835   0.002089001304010988
      0.6225054912835    -0.6464673791461606   0.002089001304010988
  -0.9760381121373395        0.6225054912835   0.002089001304010988
      0.6225054912835    -0.9760381121373394   0.002089001304010988
  -0.9760381121373394    -0.6464673791461606   0.002089001304010988
  -0.6464673791461606    -0.9760381121373394   0.002089001304010988
  -0.1400352395740881     0.1151369883663848   0.003298126579565019
   0.1151369883663849     -0.140035239574088   0.003298126579565019
  -0.9751017487922968     0.1151369883663848   0.003298126579565019
   0.1151369883663848    -0.9751017487922968   0.003298126579565019
  -0.9751017487922968     -0.140035239574088   0.003298126579565019
  -0.1400352395740881    -0.9751017487922968   0.003298126579565019
  -0.9087236994087349     0.8812934339709257   0.001323947808189275
   0.8812934339709257    -0.9087236994087349   0.001323947808189275
  -0.9725697345621909     0.8812934339709257   0.001323947808189275
   0.8812934339709257    -0.9725697345621909   0.001323947808189275
  -0.9725697345621909    -0.9087236994087349   0.001323947808189275
  -0.9087236994087349    -0.9725697345621909   0.001323947808189275
  -0.7818613524623073     0.7426218787755532   0.002381445088287461
   0.7426218787755532    -0.7818613524623073   0.002381445088287461
  -0.9607605263132459     0.7426218787755532   0.002381445088287461
   0.7426218787755532    -0.9607605263132459   0.002381445088287461
  -0.9607605263132459    -0.7818613524623073   0.002381445088287461
  -0.7818613524623073    -0.9607605263132459   0.002381445088287461
  -0.8490403789277081      0.809228353068024   0.001862316237510466
    0.809228353068024    -0.8490403789277081   0.001862316237510466
  -0.9601879741403159      0.809228353068024   0.001862316237510466
    0.809228353068024    -0.9601879741403159   0.001862316237510466
  -0.9601879741403159    -0.8490403789277081   0.001862316237510466
  -0.8490403789277081    -0.9601879741403159   0.001862316237510466
  -0.5754877381209721     0.5353552062225029   0.003105313235120906
   0.5353552062225029     -0.575487738120972   0.003105313235120906
  -0.9598674681015308     0.5353552062225029   0.003105313235120906
   0.5353552062225029    -0.9598674681015309   0.003105313235120906
  -0.9598674681015309     -0.575487738120972   0.003105313235120906
   -0.575487738120972    -0.9598674681015309   0.003105313235120906
  -0.2726706748007416        0.2323615896353   0.003663811699750308
      0.2323615896353    -0.2726706748007417   0.003663811699750308
  -0.9596909148345583        0.2323615896353   0.003663811699750308
      0.2323615896353    -0.9596909148345583   0.003663811699750308
  -0.9596909148345583    -0.2726706748007417   0.003663811699750308
  -0.2726706748007416    -0.9596909148345583   0.003663811699750308
  -0.3892517397016557     0.3394535930409113   0.003899222214127981
   0.3394535930409113    -0.3892517397016557   0.003899222214127981
  -0.9502018533392556     0.3394535930409113   0.003899222214127981
   0.3394535930409113    -0.9502018533392556   0.003899222214127981
  -0.9502018533392556    -0.3892517397016557   0.003899222214127981
  -0.3892517397016557    -0.9502018533392556   0.003899222214127981
   -0.698778619403062     0.6487187811463335   0.003173303465710728
   0.6487187811463335    -0.6987786194030621   0.003173303465710728
  -0.9499401617432716     0.6487187811463335   0.003173303465710728
   0.6487187811463335    -0.9499401617432714   0.003173303465710728
  -0.9499401617432714    -0.6987786194030621   0.003173303465710728
  -0.6987786194030621    -0.9499401617432714   0.003173303465710728
 -0.07470489225385935    0.02384625310883226   0.003872163441547061
  0.02384625310883232   -0.07470489225385929   0.003872163441547061
   -0.949141360854973    0.02384625310883226   0.003872163441547061
  0.02384625310883229     -0.949141360854973   0.003872163441547061
   -0.949141360854973   -0.07470489225385929   0.003872163441547061
 -0.07470489225385932     -0.949141360854973   0.003872163441547061
  -0.4915364267911281      0.432845931214064    0.00388460328393562
    0.432845931214064    -0.4915364267911281    0.00388460328393562
  -0.9413095044229359      0.432845931214064    0.00388460328393562
    0.432845931214064    -0.9413095044229358    0.00388460328393562
  -0.9413095044229358    -0.4915364267911281    0.00388460328393562
  -0.4915364267911281    -0.9413095044229358    0.00388460328393562
  -0.1906596720342629     0.1293237633215722   0.004635242894205715
   0.1293237633215722    -0.1906596720342628   0.004635242894205715
  -0.9386640912873094     0.1293237633215722   0.004635242894205715
   0.1293237633215722    -0.9386640912873094   0.004635242894205715
  -0.9386640912873094    -0.1906596720342628   0.004635242894205715
  -0.1906596720342628    -0.9386640912873094   0.004635242894205715
  -0.9029847482382751     0.8411121868285276   0.002199099494666128
   0.8411121868285276    -0.9029847482382751   0.002199099494666128
  -0.9381274385902525     0.8411121868285276   0.002199099494666128
   0.8411121868285276    -0.9381274385902525   0.002199099494666128
  -0.9381274385902525    -0.9029847482382751   0.002199099494666128
  -0.9029847482382751    -0.9381274385902525   0.002199099494666128
  -0.6274289144142302       0.55592183493124   0.003662210560313977
     0.55592183493124    -0.6274289144142302   0.003662210560313977
  -0.9284929205170098       0.55592183493124   0.003662210560313977
     0.55592183493124    -0.9284929205170098   0.003662210560313977
  -0.9284929205170098    -0.6274289144142302   0.003662210560313977
  -0.6274289144142302    -0.9284929205170098   0.003662210560313977
  -0.8425346119140511     0.7671908588672645   0.002657023700958035
   0.7671908588672645    -0.8425346119140511   0.002657023700958035
  -0.9246562469532134     0.7671908588672645   0.002657023700958035
   0.7671908588672645    -0.9246562469532134   0.002657023700958035
  -0.9246562469532134    -0.8425346119140511   0.002657023700958035
  -0.8425346119140511    -0.9246562469532134   0.002657023700958035
  -0.7700268626964275     0.6922763317459431    0.00332857200043469
   0.6922763317459431    -0.7700268626964275    0.00332857200043469
  -0.9222494690495155     0.6922763317459431    0.00332857200043469
   0.6922763317459431    -0.9222494690495155    0.00332857200043469
  -0.9222494690495155    -0.7700268626964275    0.00332857200043469
  -0.7700268626964275    -0.9222494690495155    0.00332857200043469
  -0.3212066556734474      0.239416770482466   0.005195689334818497
   0.2394167704824659    -0.3212066556734474   0.005195689334818497
  -0.9182101148090185      0.239416770482466   0.005195689334818497
   0.2394167704824659    -0.9182101148090185   0.005195689334818497
  -0.9182101148090185    -0.3212066556734474   0.005195689334818497
  -0.3212066556734474    -0.9182101148090185   0.005195689334818497
  -0.5552087083479749     0.4605792961156747   0.004577515949545382
   0.4605792961156747    -0.5552087083479749   0.004577515949545382
  -0.9053705877676999     0.4605792961156747   0.004577515949545382
   0.4605792961156747    -0.9053705877676999   0.004577515949545382
  -0.9053705877676999    -0.5552087083479749   0.004577515949545382
  -0.5552087083479749    -0.9053705877676999   0.004577515949545382
  -0.1078334085293027     0.0116289278269473   0.006154802144576881
   0.0116289278269473    -0.1078334085293027   0.006154802144576881
  -0.9037955192976446     0.0116289278269473   0.006154802144576881
   0.0116289278269473    -0.9037955192976446   0.006154802144576881
  -0.9037955192976446    -0.1078334085293027   0.006154802144576881
  -0.1078334085293027    -0.9037955192976446   0.006154802144576881
  -0.4362380396165972     0.3374690403773707   0.005691363966205964
   0.3374690403773707    -0.4362380396165972   0.005691363966205964
  -0.9012310007607736     0.3374690403773707   0.005691363966205964
   0.3374690403773707    -0.9012310007607737   0.005691363966205964
  -0.9012310007607736    -0.4362380396165972   0.005691363966205964
  -0.4362380396165972    -0.9012310007607737   0.005691363966205964
  -0.7024940420166588     0.6024605428893866   0.003953367759105468
   0.6024605428893866    -0.7024940420166588   0.003953367759105468
  -0.8999665008727278     0.6024605428893866   0.003953367759105468
   0.6024605428893866    -0.8999665008727278   0.003953367759105468
  -0.8999665008727278    -0.7024940420166588   0.003953367759105468
  -0.7024940420166588    -0.8999665008727278   0.003953367759105468
  -0.2353373574546289     0.1260126959159047   0.006063375524136193
   0.1260126959159047    -0.2353373574546289   0.006063375524136193
  -0.8906753384612758     0.1260126959159047   0.006063375524136193
   0.1260126959159047    -0.8906753384612758   0.006063375524136193
  -0.8906753384612758    -0.2353373574546289   0.006063375524136193
  -0.2353373574546289    -0.8906753384612758   0.006063375524136193
  -0.8160718006124555     0.6982137246630304   0.003020608544481287
   0.6982137246630304    -0.8160718006124557   0.003020608544481287
  -0.8821419240505749     0.6982137246630304   0.003020608544481287
   0.6982137246630304    -0.8821419240505748   0.003020608544481287
  -0.8821419240505748    -0.8160718006124557   0.003020608544481287
  -0.8160718006124557    -0.8821419240505748   0.003020608544481287
   -0.639099447676829     0.5077953062669845    0.00521471835753692
   0.5077953062669844     -0.639099447676829    0.00521471835753692
  -0.8686958585901554     0.5077953062669845    0.00521471835753692
   0.5077953062669845    -0.8686958585901553    0.00521471835753692
  -0.8686958585901554     -0.639099447676829    0.00521471835753692
  -0.6390994476768291    -0.8686958585901553    0.00521471835753692
  -0.3584709732924808     0.2202114688760344   0.006313354605667639
   0.2202114688760344    -0.3584709732924807   0.006313354605667639
  -0.8617404955835536     0.2202114688760344   0.006313354605667639
   0.2202114688760344    -0.8617404955835536   0.006313354605667639
  -0.8617404955835537    -0.3584709732924807   0.006313354605667639
  -0.3584709732924808    -0.8617404955835536   0.006313354605667639
  -0.5227529077622299     0.3843730896714891   0.004728247198037394
    0.384373089671489    -0.5227529077622299   0.004728247198037394
   -0.861620181909259     0.3843730896714891   0.004728247198037394
   0.3843730896714891     -0.861620181909259   0.004728247198037394
   -0.861620181909259    -0.5227529077622299   0.004728247198037394
  -0.5227529077622299     -0.861620181909259   0.004728247198037394
  -0.7556128836067746     0.6139369339734508   0.004494399032909793
   0.6139369339734508    -0.7556128836067746   0.004494399032909793
  -0.8583240503666762     0.6139369339734508   0.004494399032909793
   0.6139369339734508    -0.8583240503666762   0.004494399032909793
  -0.8583240503666762    -0.7556128836067746   0.004494399032909793
  -0.7556128836067746    -0.8583240503666762   0.004494399032909793
  -0.1823381436869098     0.0271590780077216   0.006490457201036601
   0.0271590780077216    -0.1823381436869098   0.006490457201036601
  -0.8448209343208117     0.0271590780077216   0.006490457201036601
  0.02715907800772159    -0.8448209343208117   0.006490457201036601
  -0.8448209343208117    -0.1823381436869098   0.006490457201036601
  -0.1823381436869098    -0.8448209343208117   0.006490457201036601
  -0.4559525449331243     0.2889040092560484   0.005876245656201711
   0.2889040092560484    -0.4559525449331243   0.005876245656201711
  -0.8329514643229241     0.2889040092560484   0.005876245656201711
   0.2889040092560484    -0.8329514643229241   0.005876245656201711
  -0.8329514643229241    -0.4559525449331243   0.005876245656201711
  -0.4559525449331243    -0.8329514643229241   0.005876245656201711
  -0.2934134780148501     0.1180890043957477   0.006637408264830388
   0.1180890043957477    -0.2934134780148501   0.006637408264830388
  -0.8246755263808976     0.1180890043957477   0.006637408264830388
   0.1180890043957477    -0.8246755263808976   0.006637408264830388
  -0.8246755263808976    -0.2934134780148501   0.006637408264830388
  -0.2934134780148501    -0.8246755263808976   0.006637408264830388
  -0.5902288468898658      0.411982072903446   0.005589471306884075
    0.411982072903446    -0.5902288468898658   0.005589471306884075
  -0.8217532260135803      0.411982072903446   0.005589471306884075
    0.411982072903446    -0.8217532260135803   0.005589471306884075
  -0.8217532260135803    -0.5902288468898658   0.005589471306884075
  -0.5902288468898658    -0.8217532260135803   0.005589471306884075
  -0.7000884789654793     0.5151548629341498   0.006066056118816961
   0.5151548629341498    -0.7000884789654793   0.006066056118816961
  -0.8150663839686705     0.5151548629341498   0.006066056118816961
   0.5151548629341498    -0.8150663839686705   0.006066056118816961
  -0.8150663839686705    -0.7000884789654793   0.006066056118816961
  -0.7000884789654793    -0.8150663839686705   0.006066056118816961
  -0.4074864116548917     0.1870455773448602   0.007912291962065301
   0.1870455773448602    -0.4074864116548917   0.007912291962065301
  -0.7795591656899685     0.1870455773448602   0.007912291962065301
   0.1870455773448602    -0.7795591656899686   0.007912291962065301
  -0.7795591656899685    -0.4074864116548917   0.007912291962065301
  -0.4074864116548917    -0.7795591656899686   0.007912291962065301
  -0.2113884891721104   -0.01314224672174596   0.007582905168768773
 -0.01314224672174602    -0.2113884891721103   0.007582905168768773
  -0.7754692641061436   -0.01314224672174596   0.007582905168768773
 -0.01314224672174601    -0.7754692641061436   0.007582905168768773
  -0.7754692641061436    -0.2113884891721103   0.007582905168768773
  -0.2113884891721104    -0.7754692641061436   0.007582905168768773
  -0.5270692526171521     0.2996955807449231   0.007656165199294965
   0.2996955807449231    -0.5270692526171521   0.007656165199294965
   -0.772626328127771     0.2996955807449231   0.007656165199294965
   0.2996955807449231     -0.772626328127771   0.007656165199294965
   -0.772626328127771    -0.5270692526171521   0.007656165199294965
  -0.5270692526171521     -0.772626328127771   0.007656165199294965
  -0.6414231106111723     0.4021829452642811   0.006960675199512843
   0.4021829452642811    -0.6414231106111723   0.006960675199512843
  -0.7607598346531088     0.4021829452642811   0.006960675199512843
   0.4021829452642811    -0.7607598346531088   0.006960675199512843
  -0.7607598346531088    -0.6414231106111723   0.006960675199512843
  -0.6414231106111723    -0.7607598346531088   0.006960675199512843
  -0.3167236965654733    0.07411697931073152    0.00656788465931349
  0.07411697931073152    -0.3167236965654734    0.00656788465931349
  -0.7573932827452581    0.07411697931073152    0.00656788465931349
  0.07411697931073151    -0.7573932827452581    0.00656788465931349
  -0.7573932827452581    -0.3167236965654734    0.00656788465931349
  -0.3167236965654733    -0.7573932827452581    0.00656788465931349
  -0.4721752273297757      0.175844426496198   0.008947538483964306
    0.175844426496198    -0.4721752273297757   0.008947538483964306
  -0.7036691991664223      0.175844426496198   0.008947538483964306
    0.175844426496198    -0.7036691991664223   0.008947538483964306
  -0.7036691991664223    -0.4721752273297757   0.008947538483964306
  -0.4721752273297757    -0.7036691991664223   0.008947538483964306
  -0.5814329369124666     0.2795883419930012   0.007883062795598656
   0.2795883419930012    -0.5814329369124666   0.007883062795598656
  -0.6981554050805346     0.2795883419930012   0.007883062795598656
   0.2795883419930011    -0.6981554050805348   0.007883062795598656
  -0.6981554050805346    -0.5814329369124666   0.007883062795598656
  -0.5814329369124664    -0.6981554050805348   0.007883062795598656
   -0.257321848331414   -0.04977455532295499   0.009013025020469837
 -0.04977455532295499     -0.257321848331414   0.009013025020469837
  -0.6929035963456309   -0.04977455532295499   0.009013025020469837
 -0.04977455532295502    -0.6929035963456309   0.009013025020469837
  -0.6929035963456309     -0.257321848331414   0.009013025020469837
   -0.257321848331414    -0.6929035963456309   0.009013025020469837
  -0.3712157468368534    0.06084445152231815   0.008426111355620559
  0.06084445152231815    -0.3712157468368534   0.008426111355620559
  -0.6896287046854648    0.06084445152231815   0.008426111355620559
  0.06084445152231815    -0.6896287046854647   0.008426111355620559
  -0.6896287046854648    -0.3712157468368534   0.008426111355620559
  -0.3712157468368534    -0.6896287046854647   0.008426111355620559
  -0.5249497809279906     0.1423175489216587   0.008994527893410922
   0.1423175489216587    -0.5249497809279906   0.008994527893410922
   -0.617367767993668     0.1423175489216587   0.008994527893410922
   0.1423175489216587     -0.617367767993668   0.008994527893410922
   -0.617367767993668    -0.5249497809279906   0.008994527893410922
  -0.5249497809279906     -0.617367767993668   0.008994527893410922
  -0.4251802241296098    0.03357676325910525   0.009505462468553603
  0.03357676325910525    -0.4251802241296098   0.009505462468553603
  -0.6083965391294954    0.03357676325910525   0.009505462468553603
  0.03357676325910525    -0.6083965391294955   0.009505462468553603
  -0.6083965391294954    -0.4251802241296098   0.009505462468553603
  -0.4251802241296098    -0.6083965391294955   0.009505462468553603
  -0.3142037717185718    -0.0798277947576414    0.01051541009245874
  -0.0798277947576414    -0.3142037717185718    0.01051541009245874
  -0.6059684335237867    -0.0798277947576414    0.01051541009245874
 -0.07982779475764143    -0.6059684335237867    0.01051541009245874
  -0.6059684335237867    -0.3142037717185718    0.01051541009245874
  -0.3142037717185718    -0.6059684335237867    0.01051541009245874
  -0.4147241373593826   -0.07279045456683431    0.01098567252124959
 -0.07279045456683425    -0.4147241373593826    0.01098567252124959
  -0.5124854080737831   -0.07279045456683431    0.01098567252124959
 -0.07279045456683425    -0.5124854080737831    0.01098567252124959
  -0.5124854080737831    -0.4147241373593826    0.01098567252124959
  -0.4147241373593826    -0.5124854080737831    0.01098567252124959
  -0.3025982499390966     -0.187897159891913    0.01153765638022635
   -0.187897159891913    -0.3025982499390967    0.01153765638022635
  -0.5095045901689903     -0.187897159891913    0.01153765638022635
   -0.187897159891913    -0.5095045901689903    0.01153765638022635
  -0.5095045901689903    -0.3025982499390967    0.01153765638022635
  -0.3025982499390966    -0.5095045901689903    0.01153765638022635

