# Rule degree: 51
  -0.9957107131679979     0.9914214263359957  0.0001210245665880185
   0.9914214263359957    -0.9957107131679979  0.0001210245665880185
  -0.9957107131679979    -0.9957107131679979  0.0001210245665880185
  -0.9806417237506374     0.9612834475012748  0.0005071974311483707
   0.9612834475012749    -0.9806417237506374  0.0005071974311483707
  -0.9806417237506374    -0.9806417237506374  0.0005071974311483707
   -0.907179361596575     0.8143587231931499   0.002073492227976214
   0.8143587231931498     -0.907179361596575   0.002073492227976214
   -0.907179361596575     -0.907179361596575   0.002073492227976214
  -0.8658812281228435      0.731762456245687   0.003395168319496299
   0.7317624562456871    -0.8658812281228435   0.003395168319496299
  -0.8658812281228435    -0.8658812281228435   0.003395168319496299
  -0.6049593768845283     0.2099187537690566   0.007501392941773943
   0.2099187537690566    -0.6049593768845283   0.007501392941773943
  -0.6049593768845283    -0.6049593768845283   0.007501392941773943
  -0.5473748686401083    0.09474973728021657   0.009295284623781689
   0.0947497372802166    -0.5473748686401083   0.009295284623781689
  -0.5473748686401083    -0.5473748686401083   0.009295284623781689
  -0.4877500045751352   -0.02449999084972965    0.00594625527113715
 -0.02449999084972965    -0.4877500045751351    0.00594625527113715
  -0.4877500045751352    -0.4877500045751351    0.00594625527113715
  -0.4346165509977831    -0.1307668980044339    0.01068218445140447
  -0.1307668980044339    -0.4346165509977831    0.01068218445140447
  -0.4346165509977831    -0.4346165509977831    0.01068218445140447
  -0.3636580507982971    -0.2726838984034059   0.008404194975507928
  -0.2726838984034059    -0.3636580507982971   0.008404194975507928
  -0.3636580507982971    -0.3636580507982971   0.008404194975507928
  -0.2256719142820059    -0.5486561714359881    0.01012144454954214
  -0.5486561714359881    -0.2256719142820059    0.01012144454954214
  -0.2256719142820059    -0.2256719142820059    0.01012144454954214
  -0.1841604174304031    -0.6316791651391938   0.004809579230311081
  -0.6316791651391938    -0.1841604174304031   0.004809579230311081
  -0.1841604174304031    -0.1841604174304031   0.004809579230311081
  -0.1571684795711833    -0.6856630408576334   0.005245333810859266
  -0.6856630408576334    -0.1571684795711832   0.005245333810859266
  -0.1571684795711833    -0.1571684795711832   0.005245333810859266
  -0.1245273807612298    -0.7509452384775404   0.005929235054244702
  -0.7509452384775404    -0.1245273807612298   0.005929235054244702
  -0.1245273807612298    -0.1245273807612298   0.005929235054244702
  -0.0826753372979705     -0.834649325404059   0.005298362819050077
   -0.834649325404059    -0.0826753372979705   0.005298362819050077
  -0.0826753372979705    -0.0826753372979705   0.005298362819050077
 -0.05811329826290912    -0.8837734034741818   0.001863632987553684
  -0.8837734034741818   -0.05811329826290912   0.001863632987553684
 -0.05811329826290912   -0.05811329826290912   0.001863632987553684
 -0.03409237752592065    -0.9318152449481587   0.001469623877325738
  -0.9318152449481587   -0.03409237752592059   0.001469623877325738
 -0.03409237752592065   -0.03409237752592059   0.001469623877325738
 -0.02275441078094143    -0.9544911784381171   0.003645274545888361
  -0.9544911784381171   -0.02275441078094143   0.003645274545888361
 -0.02275441078094143   -0.02275441078094143   0.003645274545888361
  -0.7814856750655723     0.7783377854626667  0.0005961720396525847
   0.7783377854626667    -0.7814856750655723  0.0005961720396525847
  -0.9968521103970944     0.7783377854626667  0.0005961720396525847
   0.7783377854626667    -0.9968521103970944  0.0005961720396525847
  -0.9968521103970944    -0.7814856750655723  0.0005961720396525847
  -0.7814856750655723    -0.9968521103970944  0.0005961720396525847
  -0.5077156449495892     0.5044349718628028  0.0008916536552443823
   0.5044349718628029    -0.5077156449495892  0.0008916536552443823
  -0.9967193269132137     0.5044349718628028  0.0008916536552443823
   0.5044349718628029    -0.9967193269132137  0.0008916536552443823
  -0.9967193269132137    -0.5077156449495892  0.0008916536552443823
  -0.5077156449495892    -0.9967193269132137  0.0008916536552443823
  -0.9007616207986773     0.8973353641062632  0.0004399888527626981
   0.8973353641062634    -0.9007616207986773  0.0004399888527626981
  -0.9965737433075861     0.8973353641062632  0.0004399888527626981
   0.8973353641062634    -0.9965737433075861  0.0004399888527626981
  -0.9965737433075861    -0.9007616207986773  0.0004399888527626981
  -0.9007616207986773    -0.9965737433075861  0.0004399888527626981
  -0.3994687130059025     0.3959733106778238  0.0009893919933801922
   0.3959733106778238    -0.3994687130059025  0.0009893919933801922
  -0.9965045976719213     0.3959733106778238  0.0009893919933801922
   0.3959733106778238    -0.9965045976719213  0.0009893919933801922
  -0.9965045976719213    -0.3994687130059025  0.0009893919933801922
  -0.3994687130059025    -0.9965045976719213  0.0009893919933801922
  -0.9773705802924293     0.9738663278256233  0.0002321486098079648
   0.9738663278256232    -0.9773705802924293  0.0002321486098079648
  -0.9964957475331939     0.9738663278256233  0.0002321486098079648
   0.9738663278256232    -0.9964957475331939  0.0002321486098079648
  -0.9964957475331939    -0.9773705802924293  0.0002321486098079648
  -0.9773705802924293    -0.9964957475331939  0.0002321486098079648
  -0.8466889907512882      0.843149811072322  0.0005273863522679057
   0.8431498110723221    -0.8466889907512882  0.0005273863522679057
  -0.9964608203210339      0.843149811072322  0.0005273863522679057
    0.843149811072322     -0.996460820321034  0.0005273863522679057
  -0.9964608203210339    -0.8466889907512882  0.0005273863522679057
  -0.8466889907512881     -0.996460820321034  0.0005273863522679057
 -0.05877446878395598    0.05514095695962173   0.001062765494652674
  0.05514095695962173   -0.05877446878395598   0.001062765494652674
  -0.9963664881756658    0.05514095695962173   0.001062765494652674
  0.05514095695962173    -0.9963664881756658   0.001062765494652674
  -0.9963664881756658   -0.05877446878395598   0.001062765494652674
 -0.05877446878395598    -0.9963664881756658   0.001062765494652674
  -0.2874203097707925     0.2837764648660464   0.001061873384747741
   0.2837764648660464    -0.2874203097707926   0.001061873384747741
  -0.9963561550952538     0.2837764648660464   0.001061873384747741
   0.2837764648660464    -0.9963561550952538   0.001061873384747741
  -0.9963561550952538    -0.2874203097707926   0.001061873384747741
  -0.2874203097707925    -0.9963561550952538   0.001061873384747741
  -0.6100660662544178     0.6063698379514397  0.0009209406449608386
   0.6063698379514397    -0.6100660662544177  0.0009209406449608386
  -0.9963037716970219     0.6063698379514397  0.0009209406449608386
   0.6063698379514397     -0.996303771697022  0.0009209406449608386
   -0.996303771697022    -0.6100660662544177  0.0009209406449608386
  -0.6100660662544177     -0.996303771697022  0.0009209406449608386
  -0.9450029303312145     0.9412657581748531  0.0003635921320664536
   0.9412657581748531    -0.9450029303312144  0.0003635921320664536
  -0.9962628278436386     0.9412657581748531  0.0003635921320664536
   0.9412657581748531    -0.9962628278436387  0.0003635921320664536
  -0.9962628278436387    -0.9450029303312144  0.0003635921320664536
  -0.9450029303312144    -0.9962628278436387  0.0003635921320664536
  -0.1733661228235674     0.1695405368618855   0.001122145673555186
   0.1695405368618856    -0.1733661228235674   0.001122145673555186
  -0.9961744140383182     0.1695405368618855   0.001122145673555186
   0.1695405368618856    -0.9961744140383182   0.001122145673555186
  -0.9961744140383182    -0.1733661228235674   0.001122145673555186
  -0.1733661228235674    -0.9961744140383182   0.001122145673555186
   -0.701864717080783     0.6977636039934281  0.0009036533910673302
   0.6977636039934281     -0.701864717080783  0.0009036533910673302
  -0.9958988869126451     0.6977636039934281  0.0009036533910673302
   0.6977636039934281    -0.9958988869126451  0.0009036533910673302
  -0.9958988869126451     -0.701864717080783  0.0009036533910673302
   -0.701864717080783    -0.9958988869126451  0.0009036533910673302
   -0.525482733508144     0.5082546915108088   0.001887820444834315
   0.5082546915108088     -0.525482733508144   0.001887820444834315
  -0.9827719580026648     0.5082546915108088   0.001887820444834315
   0.5082546915108088    -0.9827719580026648   0.001887820444834315
  -0.9827719580026648     -0.525482733508144   0.001887820444834315
   -0.525482733508144    -0.9827719580026648   0.001887820444834315
  -0.9519298911965572     0.9342845551692266  0.0006216598534494367
   0.9342845551692265    -0.9519298911965572  0.0006216598534494367
  -0.9823546639726692     0.9342845551692266  0.0006216598534494367
   0.9342845551692265    -0.9823546639726692  0.0006216598534494367
  -0.9823546639726692    -0.9519298911965572  0.0006216598534494367
  -0.9519298911965572    -0.9823546639726692  0.0006216598534494367
  -0.7755729024682519     0.7578373726960037   0.001611968017544595
   0.7578373726960037    -0.7755729024682518   0.001611968017544595
  -0.9822644702277518     0.7578373726960037   0.001611968017544595
   0.7578373726960037    -0.9822644702277519   0.001611968017544595
  -0.9822644702277519    -0.7755729024682518   0.001611968017544595
  -0.7755729024682518    -0.9822644702277519   0.001611968017544595
  -0.8473773768518467      0.829581847208072   0.001300826306147178
    0.829581847208072    -0.8473773768518467   0.001300826306147178
  -0.9822044703562254      0.829581847208072   0.001300826306147178
    0.829581847208072    -0.9822044703562254   0.001300826306147178
  -0.9822044703562254    -0.8473773768518467   0.001300826306147178
  -0.8473773768518467    -0.9822044703562254   0.001300826306147178
  -0.4230748501659126     0.4049519110139781   0.002207255720928534
   0.4049519110139781    -0.4230748501659126   0.002207255720928534
  -0.9818770608480656     0.4049519110139781   0.002207255720928534
   0.4049519110139781    -0.9818770608480656   0.002207255720928534
  -0.9818770608480656    -0.4230748501659126   0.002207255720928534
  -0.4230748501659126    -0.9818770608480656   0.002207255720928534
  -0.9070913022979872     0.8883256448662757    0.00113724924777769
   0.8883256448662757    -0.9070913022979872    0.00113724924777769
  -0.9812343425682886     0.8883256448662757    0.00113724924777769
   0.8883256448662757    -0.9812343425682886    0.00113724924777769
  -0.9812343425682886    -0.9070913022979872    0.00113724924777769
  -0.9070913022979872    -0.9812343425682886    0.00113724924777769
 -0.07130288979021615    0.05223649646811868    0.00264300699771276
  0.05223649646811873    -0.0713028897902161    0.00264300699771276
  -0.9809336066779026    0.05223649646811868    0.00264300699771276
   0.0522364964681187    -0.9809336066779027    0.00264300699771276
  -0.9809336066779026    -0.0713028897902161    0.00264300699771276
 -0.07130288979021612    -0.9809336066779027    0.00264300699771276
  -0.6165822518006152     0.5974581702322697   0.001734971700989633
   0.5974581702322697    -0.6165822518006152   0.001734971700989633
  -0.9808759184316544     0.5974581702322697   0.001734971700989633
   0.5974581702322697    -0.9808759184316544   0.001734971700989633
  -0.9808759184316544    -0.6165822518006152   0.001734971700989633
  -0.6165822518006152    -0.9808759184316544   0.001734971700989633
  -0.3114547627665423     0.2923235106021421   0.002503142676464906
   0.2923235106021421    -0.3114547627665423   0.002503142676464906
  -0.9808687478355997     0.2923235106021421   0.002503142676464906
   0.2923235106021421    -0.9808687478355997   0.002503142676464906
  -0.9808687478355997    -0.3114547627665423   0.002503142676464906
  -0.3114547627665423    -0.9808687478355997   0.002503142676464906
  -0.1942987582844553     0.1743922559948733    0.00267905792684024
   0.1743922559948733    -0.1942987582844553    0.00267905792684024
  -0.9800934977104181     0.1743922559948733    0.00267905792684024
   0.1743922559948733    -0.9800934977104182    0.00267905792684024
  -0.9800934977104181    -0.1942987582844553    0.00267905792684024
  -0.1942987582844553    -0.9800934977104182    0.00267905792684024
  -0.6958977873152163     0.6741760199633003   0.001948034021206254
   0.6741760199633002    -0.6958977873152163   0.001948034021206254
  -0.9782782326480839     0.6741760199633003   0.001948034021206254
   0.6741760199633002    -0.9782782326480839   0.001948034021206254
  -0.9782782326480839    -0.6958977873152163   0.001948034021206254
  -0.6958977873152163    -0.9782782326480839   0.001948034021206254
  -0.9488003299419684     0.9139332379077432  0.0006253723234426155
   0.9139332379077432    -0.9488003299419685  0.0006253723234426155
  -0.9651329079657748     0.9139332379077432  0.0006253723234426155
   0.9139332379077432    -0.9651329079657747  0.0006253723234426155
  -0.9651329079657747    -0.9488003299419685  0.0006253723234426155
  -0.9488003299419685    -0.9651329079657747  0.0006253723234426155
  -0.5910951182779296     0.5493820400061799   0.002365513341889121
   0.5493820400061797    -0.5910951182779296   0.002365513341889121
  -0.9582869217282501     0.5493820400061799   0.002365513341889121
   0.5493820400061799      -0.95828692172825   0.002365513341889121
  -0.9582869217282501    -0.5910951182779296   0.002365513341889121
  -0.5910951182779297      -0.95828692172825   0.002365513341889121
  -0.4952702125917687      0.452574040374797   0.003192730456326228
   0.4525740403747971    -0.4952702125917687   0.003192730456326228
  -0.9573038277830284      0.452574040374797   0.003192730456326228
    0.452574040374797    -0.9573038277830284   0.003192730456326228
  -0.9573038277830284    -0.4952702125917687   0.003192730456326228
  -0.4952702125917688    -0.9573038277830284   0.003192730456326228
  -0.8726852073875785     0.8295387552593736   0.001663454008185439
   0.8295387552593736    -0.8726852073875786   0.001663454008185439
  -0.9568535478717951     0.8295387552593736   0.001663454008185439
   0.8295387552593735    -0.9568535478717951   0.001663454008185439
   -0.956853547871795    -0.8726852073875786   0.001663454008185439
  -0.8726852073875785    -0.9568535478717951   0.001663454008185439
  -0.8115191080922979     0.7677203901848366   0.002168928335484935
   0.7677203901848366    -0.8115191080922979   0.002168928335484935
  -0.9562012820925387     0.7677203901848366   0.002168928335484935
   0.7677203901848366    -0.9562012820925387   0.002168928335484935
  -0.9562012820925387    -0.8115191080922979   0.002168928335484935
  -0.8115191080922979    -0.9562012820925387   0.002168928335484935
  -0.3864842253233969     0.3409779934582195   0.003751692857057766
   0.3409779934582196    -0.3864842253233969   0.003751692857057766
  -0.9544937681348227     0.3409779934582195   0.003751692857057766
   0.3409779934582195    -0.9544937681348227   0.003751692857057766
  -0.9544937681348227    -0.3864842253233969   0.003751692857057766
  -0.3864842253233969    -0.9544937681348227   0.003751692857057766
  -0.1431346222165579    0.09677296445915834   0.003809124762764379
  0.09677296445915834    -0.1431346222165579   0.003809124762764379
  -0.9536383422426005    0.09677296445915834   0.003809124762764379
  0.09677296445915834    -0.9536383422426006   0.003809124762764379
  -0.9536383422426005    -0.1431346222165579   0.003809124762764379
  -0.1431346222165579    -0.9536383422426006   0.003809124762764379
  -0.7416611080074627     0.6942094778863253   0.002533914763165201
   0.6942094778863253    -0.7416611080074627   0.002533914763165201
  -0.9525483698788626     0.6942094778863253   0.002533914763165201
   0.6942094778863253    -0.9525483698788626   0.002533914763165201
  -0.9525483698788626    -0.7416611080074627   0.002533914763165201
  -0.7416611080074627    -0.9525483698788626   0.002533914763165201
  -0.2702267594508421     0.2223260478412291   0.004128256939408121
   0.2223260478412291    -0.2702267594508421   0.004128256939408121
  -0.9520992883903869     0.2223260478412291   0.004128256939408121
   0.2223260478412291    -0.9520992883903868   0.004128256939408121
  -0.9520992883903869    -0.2702267594508421   0.004128256939408121
  -0.2702267594508421    -0.9520992883903868   0.004128256939408121
   -0.920415042669682     0.8707096597131265    0.00145724324288325
   0.8707096597131265     -0.920415042669682    0.00145724324288325
  -0.9502946170434445     0.8707096597131265    0.00145724324288325
   0.8707096597131265    -0.9502946170434445    0.00145724324288325
  -0.9502946170434445     -0.920415042669682    0.00145724324288325
   -0.920415042669682    -0.9502946170434445    0.00145724324288325
  -0.6644823915061864     0.6099125461500532   0.003121194937773593
   0.6099125461500532    -0.6644823915061864   0.003121194937773593
  -0.9454301546438668     0.6099125461500532   0.003121194937773593
   0.6099125461500532    -0.9454301546438668   0.003121194937773593
  -0.9454301546438668    -0.6644823915061864   0.003121194937773593
  -0.6644823915061864    -0.9454301546438668   0.003121194937773593
  -0.1955016608941365     0.1264319519450707   0.001576781083358178
   0.1264319519450707    -0.1955016608941365   0.001576781083358178
  -0.9309302910509343     0.1264319519450707   0.001576781083358178
   0.1264319519450707    -0.9309302910509343   0.001576781083358178
  -0.9309302910509343    -0.1955016608941365   0.001576781083358178
  -0.1955016608941365    -0.9309302910509343   0.001576781083358178
  -0.8838408075505415     0.8126177395083887    0.00067637655697116
   0.8126177395083887    -0.8838408075505415    0.00067637655697116
  -0.9287769319578472     0.8126177395083887    0.00067637655697116
   0.8126177395083888    -0.9287769319578471    0.00067637655697116
  -0.9287769319578472    -0.8838408075505415    0.00067637655697116
  -0.8838408075505416    -0.9287769319578471    0.00067637655697116
  -0.5654504366734913     0.4906552298950135   0.003754234705462962
   0.4906552298950136    -0.5654504366734912   0.003754234705462962
  -0.9252047932215223     0.4906552298950135   0.003754234705462962
   0.4906552298950136    -0.9252047932215223   0.003754234705462962
  -0.9252047932215224    -0.5654504366734912   0.003754234705462962
  -0.5654504366734913    -0.9252047932215223   0.003754234705462962
  -0.4623215403835833     0.3812867334974244   0.004695700801574678
   0.3812867334974243    -0.4623215403835834   0.004695700801574678
  -0.9189651931138411     0.3812867334974244   0.004695700801574678
   0.3812867334974244     -0.918965193113841   0.004695700801574678
   -0.918965193113841    -0.4623215403835834   0.004695700801574678
  -0.4623215403835833     -0.918965193113841   0.004695700801574678
  -0.8470886569101927     0.7646169757866024   0.002550366615460837
   0.7646169757866024    -0.8470886569101927   0.002550366615460837
  -0.9175283188764096     0.7646169757866024   0.002550366615460837
   0.7646169757866024    -0.9175283188764096   0.002550366615460837
  -0.9175283188764096    -0.8470886569101927   0.002550366615460837
  -0.8470886569101927    -0.9175283188764096   0.002550366615460837
  -0.7865152330092686      0.703248663637816   0.002782903709671165
   0.7032486636378159    -0.7865152330092686   0.002782903709671165
  -0.9167334306285473      0.703248663637816   0.002782903709671165
   0.7032486636378159    -0.9167334306285473   0.002782903709671165
  -0.9167334306285473    -0.7865152330092686   0.002782903709671165
  -0.7865152330092686    -0.9167334306285473   0.002782903709671165
  -0.3497866271766616     0.2634400360315718   0.005369023932170525
   0.2634400360315718    -0.3497866271766616   0.005369023932170525
  -0.9136534088549102     0.2634400360315718   0.005369023932170525
   0.2634400360315718    -0.9136534088549102   0.005369023932170525
  -0.9136534088549102    -0.3497866271766616   0.005369023932170525
  -0.3497866271766616    -0.9136534088549102   0.005369023932170525
  -0.1123619882530101    0.02442372709047652   0.004899719526108592
  0.02442372709047652      -0.11236198825301   0.004899719526108592
  -0.9120617388374666    0.02442372709047652   0.004899719526108592
  0.02442372709047653    -0.9120617388374666   0.004899719526108592
  -0.9120617388374666      -0.11236198825301   0.004899719526108592
  -0.1123619882530101    -0.9120617388374666   0.004899719526108592
    -0.72129600494183      0.629102455933228   0.003515788275594014
    0.629102455933228    -0.7212960049418299   0.003515788275594014
  -0.9078064509913979      0.629102455933228   0.003515788275594014
   0.6291024559332279    -0.9078064509913979   0.003515788275594014
   -0.907806450991398    -0.7212960049418299   0.003515788275594014
    -0.72129600494183    -0.9078064509913979   0.003515788275594014
  -0.2385457636287109     0.1440713981851018   0.005202248794289212
   0.1440713981851018    -0.2385457636287109   0.005202248794289212
  -0.9055256345563909     0.1440713981851018   0.005202248794289212
   0.1440713981851018    -0.9055256345563909   0.005202248794289212
  -0.9055256345563909    -0.2385457636287109   0.005202248794289212
  -0.2385457636287109    -0.9055256345563909   0.005202248794289212
  -0.6425972825610997      0.542406906310849   0.004280951334803226
    0.542406906310849    -0.6425972825610997   0.004280951334803226
  -0.8998096237497493      0.542406906310849   0.004280951334803226
    0.542406906310849    -0.8998096237497493   0.004280951334803226
  -0.8998096237497493    -0.6425972825610997   0.004280951334803226
  -0.6425972825610997    -0.8998096237497493   0.004280951334803226
  -0.5458461149426173     0.4236587132551068   0.005301220382688856
   0.4236587132551068    -0.5458461149426173   0.005301220382688856
  -0.8778125983124896     0.4236587132551068   0.005301220382688856
   0.4236587132551068    -0.8778125983124896   0.005301220382688856
  -0.8778125983124896    -0.5458461149426173   0.005301220382688856
  -0.5458461149426173    -0.8778125983124896   0.005301220382688856
  -0.4406280690628614     0.3089780067823865   0.005932493347725701
   0.3089780067823865    -0.4406280690628615   0.005932493347725701
   -0.868349937719525     0.3089780067823865   0.005932493347725701
   0.3089780067823865     -0.868349937719525   0.005932493347725701
   -0.868349937719525    -0.4406280690628615   0.005932493347725701
  -0.4406280690628614     -0.868349937719525   0.005932493347725701
  -0.8016732209048363     0.6687687079553244   0.003905820816781148
   0.6687687079553244    -0.8016732209048363   0.003905820816781148
  -0.8670954870504881     0.6687687079553244   0.003905820816781148
   0.6687687079553244    -0.8670954870504881   0.003905820816781148
  -0.8670954870504881    -0.8016732209048363   0.003905820816781148
  -0.8016732209048363    -0.8670954870504881   0.003905820816781148
  -0.1340044604810794  0.0008759815613044175   0.003833121763614452
 0.000875981561304473    -0.1340044604810793   0.003833121763614452
   -0.866871521080225  0.0008759815613044175   0.003833121763614452
0.0008759815613044453     -0.866871521080225   0.003833121763614452
  -0.8668715210802251    -0.1340044604810793   0.003833121763614452
  -0.1340044604810794     -0.866871521080225   0.003833121763614452
  -0.3341401084578918      0.191662432354188   0.006745035458226181
    0.191662432354188    -0.3341401084578918   0.006745035458226181
  -0.8575223238962961      0.191662432354188   0.006745035458226181
    0.191662432354188    -0.8575223238962962   0.006745035458226181
  -0.8575223238962961    -0.3341401084578918   0.006745035458226181
  -0.3341401084578918    -0.8575223238962962   0.006745035458226181
  -0.2212308912235291    0.07530076171898559   0.005982183504768742
  0.07530076171898553    -0.2212308912235292   0.005982183504768742
  -0.8540698704954565    0.07530076171898559   0.005982183504768742
  0.07530076171898556    -0.8540698704954565   0.005982183504768742
  -0.8540698704954564    -0.2212308912235292   0.005982183504768742
  -0.2212308912235292    -0.8540698704954565   0.005982183504768742
  -0.7276459563256327     0.5812794548863256   0.004883942134024983
   0.5812794548863256    -0.7276459563256326   0.004883942134024983
  -0.8536334985606929     0.5812794548863256   0.004883942134024983
   0.5812794548863256     -0.853633498560693   0.004883942134024983
   -0.853633498560693    -0.7276459563256326   0.004883942134024983
  -0.7276459563256326     -0.853633498560693   0.004883942134024983
  -0.6413466981296509     0.4853967587825645   0.005612026242941879
   0.4853967587825645    -0.6413466981296509   0.005612026242941879
  -0.8440500606529135     0.4853967587825645   0.005612026242941879
   0.4853967587825645    -0.8440500606529135   0.005612026242941879
  -0.8440500606529135    -0.6413466981296509   0.005612026242941879
  -0.6413466981296509    -0.8440500606529135   0.005612026242941879
  -0.5517357838546073     0.3721189106383691   0.005641258562554506
   0.3721189106383691    -0.5517357838546073   0.005641258562554506
  -0.8203831267837618     0.3721189106383691   0.005641258562554506
   0.3721189106383691    -0.8203831267837618   0.005641258562554506
  -0.8203831267837618    -0.5517357838546073   0.005641258562554506
  -0.5517357838546073    -0.8203831267837618   0.005641258562554506
    -0.46566895149587     0.2769541265994096   0.005349856615470962
   0.2769541265994095    -0.4656689514958701   0.005349856615470962
  -0.8112851751035395     0.2769541265994096   0.005349856615470962
   0.2769541265994096    -0.8112851751035395   0.005349856615470962
  -0.8112851751035395    -0.4656689514958701   0.005349856615470962
    -0.46566895149587    -0.8112851751035395   0.005349856615470962
  -0.8046484691741974     0.6095180810447327   0.002354751682816418
   0.6095180810447327    -0.8046484691741975   0.002354751682816418
  -0.8048696118705353     0.6095180810447327   0.002354751682816418
   0.6095180810447327    -0.8048696118705352   0.002354751682816418
  -0.8048696118705352    -0.8046484691741975   0.002354751682816418
  -0.8046484691741975    -0.8048696118705352   0.002354751682816418
  -0.2877569097642023    0.08285448344725221   0.006820113132850849
  0.08285448344725221    -0.2877569097642023   0.006820113132850849
  -0.7950975736830499    0.08285448344725221   0.006820113132850849
  0.08285448344725219    -0.7950975736830499   0.006820113132850849
  -0.7950975736830499    -0.2877569097642023   0.006820113132850849
  -0.2877569097642023    -0.7950975736830499   0.006820113132850849
  -0.1808974913245222   -0.02632288313541814   0.007400098762657934
  -0.0263228831354182    -0.1808974913245221   0.007400098762657934
  -0.7927796255400597   -0.02632288313541814   0.007400098762657934
 -0.02632288313541818    -0.7927796255400597   0.007400098762657934
  -0.7927796255400597    -0.1808974913245221   0.007400098762657934
  -0.1808974913245222    -0.7927796255400597   0.007400098762657934
  -0.3888085547931471     0.1811939522215579   0.006626747842362588
   0.1811939522215579     -0.388808554793147   0.006626747842362588
   -0.792385397428411     0.1811939522215579   0.006626747842362588
   0.1811939522215579     -0.792385397428411   0.006626747842362588
   -0.792385397428411     -0.388808554793147   0.006626747842362588
  -0.3888085547931471     -0.792385397428411   0.006626747842362588
  -0.7309065678190065     0.5194701362374554   0.005345383822911023
   0.5194701362374554    -0.7309065678190065   0.005345383822911023
  -0.7885635684184489     0.5194701362374554   0.005345383822911023
   0.5194701362374554    -0.7885635684184489   0.005345383822911023
  -0.7885635684184489    -0.7309065678190065   0.005345383822911023
  -0.7309065678190065    -0.7885635684184489   0.005345383822911023
   -0.655410157064175     0.4337144928148229   0.005404994051524719
   0.4337144928148229     -0.655410157064175   0.005404994051524719
  -0.7783043357506478     0.4337144928148229   0.005404994051524719
   0.4337144928148229    -0.7783043357506478   0.005404994051524719
  -0.7783043357506478     -0.655410157064175   0.005404994051524719
   -0.655410157064175    -0.7783043357506478   0.005404994051524719
  -0.5874442047821664      0.348890886754352   0.004947981544968647
   0.3488908867543521    -0.5874442047821664   0.004947981544968647
  -0.7614466819721857      0.348890886754352   0.004947981544968647
    0.348890886754352    -0.7614466819721857   0.004947981544968647
  -0.7614466819721857    -0.5874442047821664   0.004947981544968647
  -0.5874442047821664    -0.7614466819721857   0.004947981544968647
  -0.5063905390588559     0.2496262667529303   0.007202768322166912
   0.2496262667529303    -0.5063905390588559   0.007202768322166912
  -0.7432357276940744     0.2496262667529303   0.007202768322166912
   0.2496262667529303    -0.7432357276940744   0.007202768322166912
  -0.7432357276940744    -0.5063905390588559   0.007202768322166912
  -0.5063905390588559    -0.7432357276940744   0.007202768322166912
  -0.3108335553618835    0.03859869067246013   0.006836478265364861
  0.03859869067246008    -0.3108335553618836   0.006836478265364861
  -0.7277651353105765    0.03859869067246013   0.006836478265364861
  0.03859869067246011    -0.7277651353105764   0.006836478265364861
  -0.7277651353105765    -0.3108335553618836   0.006836478265364861
  -0.3108335553618835    -0.7277651353105764   0.006836478265364861
  -0.4150504218557768     0.1312653816097038   0.008408042374059442
   0.1312653816097039    -0.4150504218557767   0.008408042374059442
   -0.716214959753927     0.1312653816097038   0.008408042374059442
   0.1312653816097038     -0.716214959753927   0.008408042374059442
  -0.7162149597539271    -0.4150504218557767   0.008408042374059442
  -0.4150504218557768     -0.716214959753927   0.008408042374059442
  -0.2332874118831842   -0.05487375820715767   0.007289097406544996
 -0.05487375820715767    -0.2332874118831842   0.007289097406544996
  -0.7118388299096581   -0.05487375820715767   0.007289097406544996
 -0.05487375820715767    -0.7118388299096581   0.007289097406544996
  -0.7118388299096581    -0.2332874118831842   0.007289097406544996
  -0.2332874118831842    -0.7118388299096581   0.007289097406544996
  -0.7084696620248241     0.4170205625249155    0.00343415398595704
   0.4170205625249155    -0.7084696620248241    0.00343415398595704
  -0.7085509005000914     0.4170205625249155    0.00343415398595704
   0.4170205625249155    -0.7085509005000914    0.00343415398595704
  -0.7085509005000914    -0.7084696620248241    0.00343415398595704
  -0.7084696620248241    -0.7085509005000914    0.00343415398595704
  -0.6213540300844691     0.3141629903125839   0.007319893284276475
   0.3141629903125839    -0.6213540300844691   0.007319893284276475
  -0.6928089602281149     0.3141629903125839   0.007319893284276475
   0.3141629903125839     -0.692808960228115   0.007319893284276475
  -0.6928089602281149    -0.6213540300844691   0.007319893284276475
  -0.6213540300844691     -0.692808960228115   0.007319893284276475
  -0.5345290892493841     0.2027917559443811   0.006945128623228429
   0.2027917559443811     -0.534529089249384   0.006945128623228429
  -0.6682626666949969     0.2027917559443811   0.006945128623228429
   0.2027917559443811    -0.6682626666949969   0.006945128623228429
  -0.6682626666949969     -0.534529089249384   0.006945128623228429
  -0.5345290892493841    -0.6682626666949969   0.006945128623228429
  -0.3614845589181492   0.005604085250441759   0.009032950974117632
 0.005604085250441759    -0.3614845589181492   0.009032950974117632
  -0.6441195263322925   0.005604085250441759   0.009032950974117632
 0.005604085250441787    -0.6441195263322925   0.009032950974117632
  -0.6441195263322925    -0.3614845589181492   0.009032950974117632
  -0.3614845589181492    -0.6441195263322925   0.009032950974117632
  -0.4700800731553658     0.0994939059407387   0.008219962052312553
   0.0994939059407387    -0.4700800731553658   0.008219962052312553
  -0.6294138327853729     0.0994939059407387   0.008219962052312553
  0.09949390594073867    -0.6294138327853729   0.008219962052312553
  -0.6294138327853729    -0.4700800731553658   0.008219962052312553
  -0.4700800731553658    -0.6294138327853729   0.008219962052312553
  -0.2726963253182698    -0.1022532422841586   0.008302713879560386
  -0.1022532422841586    -0.2726963253182699   0.008302713879560386
  -0.6250504323975716    -0.1022532422841586   0.008302713879560386
  -0.1022532422841586    -0.6250504323975716   0.008302713879560386
  -0.6250504323975716    -0.2726963253182699   0.008302713879560386
  -0.2726963253182698    -0.6250504323975716   0.008302713879560386
    -0.43320164437858   -0.01103098597900276   0.008314709492198945
 -0.01103098597900276      -0.43320164437858   0.008314709492198945
  -0.5557673696424172   -0.01103098597900276   0.008314709492198945
 -0.01103098597900273    -0.5557673696424172   0.008314709492198945
  -0.5557673696424172      -0.43320164437858   0.008314709492198945
    -0.43320164437858    -0.5557673696424172   0.008314709492198945
  -0.3452440336629568    -0.1158441535368484   0.009827634600077724
  -0.1158441535368484    -0.3452440336629568   0.009827634600077724
  -0.5389118128001948    -0.1158441535368484   0.009827634600077724
  -0.1158441535368484    -0.5389118128001948   0.009827634600077724
  -0.5389118128001948    -0.3452440336629568   0.009827634600077724
  -0.3452440336629568    -0.5389118128001948   0.009827634600077724
   -0.322958334462558    -0.2205018563701565   0.009450203120877082
  -0.2205018563701565     -0.322958334462558   0.009450203120877082
  -0.4565398091672855    -0.2205018563701565   0.009450203120877082
  -0.2205018563701565    -0.4565398091672855   0.009450203120877082
  -0.4565398091672855     -0.322958334462558   0.009450203120877082
   -0.322958334462558    -0.4565398091672855   0.009450203120877082

