# Rule degree: 57
  -0.3333333333333333    -0.3333333333333333   0.006003608609510025
  -0.9967131371397054     0.9934262742794109  7.101868921216065e-05
   0.9934262742794108    -0.9967131371397054  7.101868921216065e-05
  -0.9967131371397054    -0.9967131371397054  7.101868921216065e-05
  -0.9829901761330029     0.9659803522660058  0.0003690530492488427
   0.9659803522660058    -0.9829901761330029  0.0003690530492488427
  -0.9829901761330029    -0.9829901761330029  0.0003690530492488427
  -0.9588166191871326     0.9176332383742651   0.000905517794702383
   0.9176332383742651    -0.9588166191871326   0.000905517794702383
  -0.9588166191871326    -0.9588166191871326   0.000905517794702383
  -0.9276541994573004     0.8553083989146009   0.001286052574947004
   0.8553083989146009    -0.9276541994573004   0.001286052574947004
  -0.9276541994573004    -0.9276541994573004   0.001286052574947004
  -0.9004032177712509     0.8008064355425017   0.001572315339550631
   0.8008064355425017    -0.9004032177712509   0.001572315339550631
  -0.9004032177712509    -0.9004032177712509   0.001572315339550631
  -0.7581272472987959     0.5162544945975918   0.005186136211767978
   0.5162544945975918    -0.7581272472987959   0.005186136211767978
  -0.7581272472987959    -0.7581272472987959   0.005186136211767978
  -0.7029975010055849     0.4059950020111697    0.00491069175987215
   0.4059950020111698    -0.7029975010055849    0.00491069175987215
  -0.7029975010055849    -0.7029975010055849    0.00491069175987215
  -0.6173571648499546     0.2347143296999092   0.006435189063413142
   0.2347143296999092    -0.6173571648499547   0.006435189063413142
  -0.6173571648499546    -0.6173571648499547   0.006435189063413142
  -0.5624162740917285     0.1248325481834569   0.006383935005172775
   0.1248325481834569    -0.5624162740917285   0.006383935005172775
  -0.5624162740917285    -0.5624162740917285   0.006383935005172775
  -0.5130921386556593    0.02618427731131856   0.007906945294883552
  0.02618427731131856    -0.5130921386556593   0.007906945294883552
  -0.5130921386556593    -0.5130921386556593   0.007906945294883552
    -0.25531061003188    -0.4893787799362399   0.008044859252011526
  -0.4893787799362399      -0.25531061003188   0.008044859252011526
    -0.25531061003188      -0.25531061003188   0.008044859252011526
  -0.2134929505247449    -0.5730140989505101   0.005856155730216303
  -0.5730140989505101    -0.2134929505247449   0.005856155730216303
  -0.2134929505247449    -0.2134929505247449   0.005856155730216303
  -0.1764392442900966    -0.6471215114198068  0.0003960737299851345
  -0.6471215114198068    -0.1764392442900966  0.0003960737299851345
  -0.1764392442900966    -0.1764392442900966  0.0003960737299851345
  -0.1441719989551723    -0.7116560020896554      0.007613864824513
  -0.7116560020896554    -0.1441719989551724      0.007613864824513
  -0.1441719989551723    -0.1441719989551724      0.007613864824513
  -0.1065238218937991    -0.7869523562124019   0.005408298518835002
  -0.7869523562124019     -0.106523821893799   0.005408298518835002
  -0.1065238218937991     -0.106523821893799   0.005408298518835002
 -0.08139795894214308    -0.8372040821157138    0.00308168435002987
  -0.8372040821157138   -0.08139795894214302    0.00308168435002987
 -0.08139795894214308   -0.08139795894214302    0.00308168435002987
 -0.05778188365909198     -0.884436232681816    0.00453150966003404
   -0.884436232681816   -0.05778188365909198    0.00453150966003404
 -0.05778188365909198   -0.05778188365909198    0.00453150966003404
 -0.04663457011780947    -0.9067308597643811  0.0002006644969002278
  -0.9067308597643811   -0.04663457011780947  0.0002006644969002278
 -0.04663457011780947   -0.04663457011780947  0.0002006644969002278
 -0.03582246276911716    -0.9283550744617657   0.003856246989134676
  -0.9283550744617657   -0.03582246276911721   0.003856246989134676
 -0.03582246276911716   -0.03582246276911721   0.003856246989134676
 -0.01963752236908911    -0.9607249552618218   0.002797140567250954
  -0.9607249552618218   -0.01963752236908917   0.002797140567250954
 -0.01963752236908911   -0.01963752236908917   0.002797140567250954
 -0.00799768864880479    -0.9840046227023904   0.001841653518130181
  -0.9840046227023904  -0.007997688648804735   0.001841653518130181
 -0.00799768864880479  -0.007997688648804735   0.001841653518130181
     -0.3063575880004     0.3051921501189159  0.0003233642733677948
   0.3051921501189159       -0.3063575880004  0.0003233642733677948
   -0.998834562118516     0.3051921501189159  0.0003233642733677948
   0.3051921501189159    -0.9988345621185158  0.0003233642733677948
   -0.998834562118516       -0.3063575880004  0.0003233642733677948
     -0.3063575880004    -0.9988345621185158  0.0003233642733677948
  -0.8786612696294831     0.8772292073309371  0.0002131866056877471
   0.8772292073309371    -0.8786612696294831  0.0002131866056877471
   -0.998567937701454     0.8772292073309371  0.0002131866056877471
   0.8772292073309371     -0.998567937701454  0.0002131866056877471
   -0.998567937701454    -0.8786612696294831  0.0002131866056877471
  -0.8786612696294831     -0.998567937701454  0.0002131866056877471
  -0.1108006370069448     0.1083661837209955   0.000676105096017785
   0.1083661837209955    -0.1108006370069448   0.000676105096017785
  -0.9975655467140507     0.1083661837209955   0.000676105096017785
   0.1083661837209955    -0.9975655467140507   0.000676105096017785
  -0.9975655467140507    -0.1108006370069448   0.000676105096017785
  -0.1108006370069447    -0.9975655467140507   0.000676105096017785
  -0.5306324290858986     0.5280008965114595  0.0006085295500530392
   0.5280008965114595    -0.5306324290858986  0.0006085295500530392
   -0.997368467425561     0.5280008965114595  0.0006085295500530392
   0.5280008965114595     -0.997368467425561  0.0006085295500530392
   -0.997368467425561    -0.5306324290858986  0.0006085295500530392
  -0.5306324290858986     -0.997368467425561  0.0006085295500530392
-0.001497779729600413  -0.001430838506725263  0.0004159625363149387
-0.001430838506725318  -0.001497779729600357  0.0004159625363149387
  -0.9970713817636743  -0.001430838506725263  0.0004159625363149387
-0.001430838506725313    -0.9970713817636743  0.0004159625363149387
  -0.9970713817636743  -0.001497779729600357  0.0004159625363149387
-0.001497779729600408    -0.9970713817636743  0.0004159625363149387
   -0.439319046339939     0.4362828433706761  0.0006991803384341906
    0.436282843370676     -0.439319046339939  0.0006991803384341906
   -0.996963797030737     0.4362828433706761  0.0006991803384341906
   0.4362828433706761     -0.996963797030737  0.0006991803384341906
   -0.996963797030737     -0.439319046339939  0.0006991803384341906
   -0.439319046339939     -0.996963797030737  0.0006991803384341906
  -0.6160083554426175     0.6129657162783254  0.0006288514101973993
   0.6129657162783253    -0.6160083554426175  0.0006288514101973993
  -0.9969573608357079     0.6129657162783254  0.0006288514101973993
   0.6129657162783253    -0.9969573608357079  0.0006288514101973993
  -0.9969573608357079    -0.6160083554426175  0.0006288514101973993
  -0.6160083554426175    -0.9969573608357079  0.0006288514101973993
  -0.7643467790643395     0.7612682410239061  0.0005199933896936106
    0.761268241023906    -0.7643467790643395  0.0005199933896936106
  -0.9969214619595665     0.7612682410239061  0.0005199933896936106
    0.761268241023906    -0.9969214619595665  0.0005199933896936106
  -0.9969214619595665    -0.7643467790643395  0.0005199933896936106
  -0.7643467790643395    -0.9969214619595665  0.0005199933896936106
  -0.9579440897635705     0.9548071573129486  0.0002424352582608833
   0.9548071573129486    -0.9579440897635705  0.0002424352582608833
  -0.9968630675493781     0.9548071573129486  0.0002424352582608833
   0.9548071573129486    -0.9968630675493781  0.0002424352582608833
  -0.9968630675493781    -0.9579440897635705  0.0002424352582608833
  -0.9579440897635705    -0.9968630675493781  0.0002424352582608833
  -0.8255937392366551     0.8223645632106558  0.0004712775332050998
   0.8223645632106558     -0.825593739236655  0.0004712775332050998
  -0.9967708239740006     0.8223645632106558  0.0004712775332050998
   0.8223645632106558    -0.9967708239740007  0.0004712775332050998
  -0.9967708239740007     -0.825593739236655  0.0004712775332050998
   -0.825593739236655    -0.9967708239740007  0.0004712775332050998
  -0.9827522258900252     0.9795134202243467  0.0001615601784521794
   0.9795134202243467    -0.9827522258900252  0.0001615601784521794
  -0.9967611943343215     0.9795134202243467  0.0001615601784521794
   0.9795134202243467    -0.9967611943343215  0.0001615601784521794
  -0.9967611943343215    -0.9827522258900252  0.0001615601784521794
  -0.9827522258900252    -0.9967611943343215  0.0001615601784521794
  -0.6938077079149455     0.6905597100067813  0.0006227211257644936
   0.6905597100067813    -0.6938077079149454  0.0006227211257644936
  -0.9967520020918358     0.6905597100067813  0.0006227211257644936
   0.6905597100067813    -0.9967520020918359  0.0006227211257644936
  -0.9967520020918359    -0.6938077079149454  0.0006227211257644936
  -0.6938077079149454    -0.9967520020918359  0.0006227211257644936
  -0.9228949947723621     0.9195341496711601   0.000342212782637069
     0.91953414967116    -0.9228949947723621   0.000342212782637069
  -0.9966391548987978     0.9195341496711601   0.000342212782637069
     0.91953414967116    -0.9966391548987978   0.000342212782637069
  -0.9966391548987978    -0.9228949947723621   0.000342212782637069
  -0.9228949947723621    -0.9966391548987978   0.000342212782637069
  -0.2150757298077549     0.2114728486729396  0.0009277733454703968
   0.2114728486729396    -0.2150757298077549  0.0009277733454703968
  -0.9963971188651848     0.2114728486729396  0.0009277733454703968
   0.2114728486729396    -0.9963971188651848  0.0009277733454703968
  -0.9963971188651848    -0.2150757298077549  0.0009277733454703968
  -0.2150757298077549    -0.9963971188651848  0.0009277733454703968
  -0.3647331936510554     0.3610347452345931  0.0005105364697767914
   0.3610347452345932    -0.3647331936510553  0.0005105364697767914
  -0.9963015515835378     0.3610347452345931  0.0005105364697767914
   0.3610347452345931    -0.9963015515835378  0.0005105364697767914
  -0.9963015515835378    -0.3647331936510553  0.0005105364697767914
  -0.3647331936510554    -0.9963015515835378  0.0005105364697767914
  -0.8777784223404684     0.8667080547039134  0.0007637175670588319
   0.8667080547039134    -0.8777784223404683  0.0007637175670588319
   -0.988929632363445     0.8667080547039134  0.0007637175670588319
   0.8667080547039135     -0.988929632363445  0.0007637175670588319
  -0.9889296323634451    -0.8777784223404683  0.0007637175670588319
  -0.8777784223404684     -0.988929632363445  0.0007637175670588319
  -0.3091506067961363     0.2970664000682906   0.001526012704567446
   0.2970664000682906    -0.3091506067961363   0.001526012704567446
  -0.9879157932721543     0.2970664000682906   0.001526012704567446
   0.2970664000682906    -0.9879157932721543   0.001526012704567446
  -0.9879157932721543    -0.3091506067961363   0.001526012704567446
  -0.3091506067961363    -0.9879157932721543   0.001526012704567446
  -0.1071341153146282    0.09410632991607054   0.001554997169796364
  0.09410632991607054    -0.1071341153146282   0.001554997169796364
  -0.9869722146014424    0.09410632991607054   0.001554997169796364
  0.09410632991607054    -0.9869722146014422   0.001554997169796364
  -0.9869722146014424    -0.1071341153146282   0.001554997169796364
  -0.1071341153146282    -0.9869722146014422   0.001554997169796364
  -0.5084390921000688      0.494179040846764   0.001525434386387613
   0.4941790408467641    -0.5084390921000688   0.001525434386387613
  -0.9857399487466953      0.494179040846764   0.001525434386387613
    0.494179040846764    -0.9857399487466955   0.001525434386387613
  -0.9857399487466953    -0.5084390921000688   0.001525434386387613
  -0.5084390921000687    -0.9857399487466955   0.001525434386387613
  -0.5971997973240146     0.5823630352488611   0.001357725873853393
   0.5823630352488611    -0.5971997973240146   0.001357725873853393
  -0.9851632379248465     0.5823630352488611   0.001357725873853393
   0.5823630352488611    -0.9851632379248465   0.001357725873853393
  -0.9851632379248465    -0.5971997973240146   0.001357725873853393
  -0.5971997973240146    -0.9851632379248465   0.001357725873853393
  -0.7543834885319005     0.7382080917058288    0.00129509833155467
   0.7382080917058289    -0.7543834885319005    0.00129509833155467
  -0.9838246031739284     0.7382080917058288    0.00129509833155467
   0.7382080917058289    -0.9838246031739284    0.00129509833155467
  -0.9838246031739284    -0.7543834885319005    0.00129509833155467
  -0.7543834885319005    -0.9838246031739284    0.00129509833155467
  -0.9583986606695563     0.9417589914878208  0.0005684239536213259
   0.9417589914878208    -0.9583986606695563  0.0005684239536213259
  -0.9833603308182646     0.9417589914878208  0.0005684239536213259
   0.9417589914878208    -0.9833603308182646  0.0005684239536213259
  -0.9833603308182646    -0.9583986606695563  0.0005684239536213259
  -0.9583986606695563    -0.9833603308182646  0.0005684239536213259
   -0.820810536678944     0.8039534348239037   0.001172015509694537
   0.8039534348239037     -0.820810536678944   0.001172015509694537
  -0.9831428981449597     0.8039534348239037   0.001172015509694537
   0.8039534348239037    -0.9831428981449597   0.001172015509694537
  -0.9831428981449597     -0.820810536678944   0.001172015509694537
   -0.820810536678944    -0.9831428981449597   0.001172015509694537
  -0.4129421820013948     0.3959119939841109   0.001862177002819245
   0.3959119939841109    -0.4129421820013948   0.001862177002819245
  -0.9829698119827162     0.3959119939841109   0.001862177002819245
   0.3959119939841109    -0.9829698119827162   0.001862177002819245
  -0.9829698119827162    -0.4129421820013948   0.001862177002819245
  -0.4129421820013948    -0.9829698119827162   0.001862177002819245
  -0.9231914237981902      0.905912493594625  0.0007701590300388832
    0.905912493594625    -0.9231914237981902  0.0007701590300388832
  -0.9827210697964348      0.905912493594625  0.0007701590300388832
    0.905912493594625    -0.9827210697964348  0.0007701590300388832
  -0.9827210697964348    -0.9231914237981902  0.0007701590300388832
  -0.9231914237981902    -0.9827210697964348  0.0007701590300388832
  -0.6789436687978843     0.6616510455941285   0.001566364723152269
   0.6616510455941285    -0.6789436687978843   0.001566364723152269
  -0.9827073767962442     0.6616510455941285   0.001566364723152269
   0.6616510455941285    -0.9827073767962442   0.001566364723152269
  -0.9827073767962442    -0.6789436687978843   0.001566364723152269
  -0.6789436687978843    -0.9827073767962442   0.001566364723152269
  -0.2085056780748129     0.1901120492763643     0.0020710142777121
   0.1901120492763643    -0.2085056780748129     0.0020710142777121
  -0.9816063712015515     0.1901120492763643     0.0020710142777121
   0.1901120492763643    -0.9816063712015515     0.0020710142777121
  -0.9816063712015515    -0.2085056780748129     0.0020710142777121
  -0.2085056780748129    -0.9816063712015515     0.0020710142777121
   -0.876826658371994     0.8452659188016738   0.001321712786618153
   0.8452659188016738    -0.8768266583719941   0.001321712786618153
  -0.9684392604296798     0.8452659188016738   0.001321712786618153
   0.8452659188016738    -0.9684392604296796   0.001321712786618153
  -0.9684392604296796    -0.8768266583719941   0.001321712786618153
  -0.8768266583719941    -0.9684392604296796   0.001321712786618153
  -0.3117169908661346      0.279815127081827   0.002344122448777704
    0.279815127081827    -0.3117169908661346   0.002344122448777704
  -0.9680981362156924      0.279815127081827   0.002344122448777704
    0.279815127081827    -0.9680981362156924   0.002344122448777704
  -0.9680981362156924    -0.3117169908661346   0.002344122448777704
  -0.3117169908661346    -0.9680981362156924   0.002344122448777704
  -0.5852039942489207     0.5521990432974693   0.001645139528967431
   0.5521990432974693    -0.5852039942489207   0.001645139528967431
  -0.9669950490485486     0.5521990432974693   0.001645139528967431
   0.5521990432974693    -0.9669950490485486   0.001645139528967431
  -0.9669950490485486    -0.5852039942489207   0.001645139528967431
  -0.5852039942489207    -0.9669950490485486   0.001645139528967431
  -0.1167626944910153    0.08268325168069607   0.002654909030979191
  0.08268325168069607    -0.1167626944910153   0.002654909030979191
  -0.9659205571896807    0.08268325168069607   0.002654909030979191
  0.08268325168069608    -0.9659205571896807   0.002654909030979191
  -0.9659205571896807    -0.1167626944910153   0.002654909030979191
  -0.1167626944910153    -0.9659205571896807   0.002654909030979191
  -0.4980927726652223     0.4618702635788182   0.002441795062415771
   0.4618702635788182    -0.4980927726652223   0.002441795062415771
  -0.9637774909135958     0.4618702635788182   0.002441795062415771
   0.4618702635788182    -0.9637774909135959   0.002441795062415771
  -0.9637774909135959    -0.4980927726652223   0.002441795062415771
  -0.4980927726652223    -0.9637774909135959   0.002441795062415771
  -0.7634046836840241     0.7241836476162982   0.001705950953081743
   0.7241836476162982     -0.763404683684024   0.001705950953081743
   -0.960778963932274     0.7241836476162982   0.001705950953081743
   0.7241836476162982    -0.9607789639322741   0.001705950953081743
  -0.9607789639322741     -0.763404683684024   0.001705950953081743
   -0.763404683684024    -0.9607789639322741   0.001705950953081743
  -0.3998613770523274     0.3605777434708589   0.002298815246831806
   0.3605777434708589    -0.3998613770523274   0.002298815246831806
  -0.9607163664185314     0.3605777434708589   0.002298815246831806
   0.3605777434708589    -0.9607163664185313   0.002298815246831806
  -0.9607163664185314    -0.3998613770523274   0.002298815246831806
  -0.3998613770523274    -0.9607163664185313   0.002298815246831806
  -0.9231770476626701     0.8824748261638182   0.001128896358486901
   0.8824748261638182    -0.9231770476626702   0.001128896358486901
  -0.9592977785011482     0.8824748261638182   0.001128896358486901
   0.8824748261638182    -0.9592977785011481   0.001128896358486901
  -0.9592977785011481    -0.9231770476626702   0.001128896358486901
  -0.9231770476626702    -0.9592977785011481   0.001128896358486901
  -0.8234992354846317     0.7823578125297221   0.001663605498159968
    0.782357812529722    -0.8234992354846317   0.001663605498159968
  -0.9588585770450905     0.7823578125297221   0.001663605498159968
   0.7823578125297221    -0.9588585770450906   0.001663605498159968
  -0.9588585770450905    -0.8234992354846317   0.001663605498159968
  -0.8234992354846316    -0.9588585770450906   0.001663605498159968
   -0.705794774017914     0.6638341475976097   0.001717868135038707
   0.6638341475976097     -0.705794774017914   0.001717868135038707
  -0.9580393735796957     0.6638341475976097   0.001717868135038707
   0.6638341475976097    -0.9580393735796957   0.001717868135038707
  -0.9580393735796957     -0.705794774017914   0.001717868135038707
   -0.705794774017914    -0.9580393735796957   0.001717868135038707
  -0.6469359994261406     0.6046598449702216   0.001863857586938066
   0.6046598449702216    -0.6469359994261406   0.001863857586938066
  -0.9577238455440811     0.6046598449702216   0.001863857586938066
   0.6046598449702216    -0.9577238455440811   0.001863857586938066
  -0.9577238455440811    -0.6469359994261406   0.001863857586938066
  -0.6469359994261406    -0.9577238455440811   0.001863857586938066
  -0.2228280129994338     0.1778701203367021    0.00315421025513416
   0.1778701203367021    -0.2228280129994338    0.00315421025513416
  -0.9550421073372684     0.1778701203367021    0.00315421025513416
   0.1778701203367021    -0.9550421073372684    0.00315421025513416
  -0.9550421073372684    -0.2228280129994338    0.00315421025513416
  -0.2228280129994338    -0.9550421073372684    0.00315421025513416
  -0.5636643108026227     0.5065892553621864   0.002071963797699703
   0.5065892553621865    -0.5636643108026227   0.002071963797699703
  -0.9429249445595638     0.5065892553621864   0.002071963797699703
   0.5065892553621864    -0.9429249445595639   0.002071963797699703
  -0.9429249445595638    -0.5636643108026227   0.002071963797699703
  -0.5636643108026226    -0.9429249445595639   0.002071963797699703
  -0.3194821115276703     0.2586271652102599   0.002337733221275697
   0.2586271652102599    -0.3194821115276703   0.002337733221275697
  -0.9391450536825896     0.2586271652102599   0.002337733221275697
   0.2586271652102599    -0.9391450536825895   0.002337733221275697
  -0.9391450536825896    -0.3194821115276703   0.002337733221275697
  -0.3194821115276703    -0.9391450536825895   0.002337733221275697
  -0.8829451355951676     0.8204929242978527   0.001656358895098186
   0.8204929242978527    -0.8829451355951676   0.001656358895098186
  -0.9375477887026851     0.8204929242978527   0.001656358895098186
   0.8204929242978527    -0.9375477887026851   0.001656358895098186
  -0.9375477887026851    -0.8829451355951676   0.001656358895098186
  -0.8829451355951676    -0.9375477887026851   0.001656358895098186
  -0.4489732025136319     0.3862940955471651   0.002766067723984044
   0.3862940955471652    -0.4489732025136319   0.002766067723984044
  -0.9373208930335333     0.3862940955471651   0.002766067723984044
   0.3862940955471651    -0.9373208930335334   0.002766067723984044
  -0.9373208930335333    -0.4489732025136319   0.002766067723984044
  -0.4489732025136319    -0.9373208930335334   0.002766067723984044
  -0.1365406875852738    0.07077894700863191    0.00373114049941332
  0.07077894700863196    -0.1365406875852737    0.00373114049941332
  -0.9342382594233583    0.07077894700863191    0.00373114049941332
  0.07077894700863191    -0.9342382594233583    0.00373114049941332
  -0.9342382594233583    -0.1365406875852737    0.00373114049941332
  -0.1365406875852738    -0.9342382594233583    0.00373114049941332
  -0.8369882717767554     0.7646522420230047   0.001821871392600144
   0.7646522420230049    -0.8369882717767554   0.001821871392600144
  -0.9276639702462495     0.7646522420230047   0.001821871392600144
   0.7646522420230049    -0.9276639702462495   0.001821871392600144
  -0.9276639702462495    -0.8369882717767554   0.001821871392600144
  -0.8369882717767554    -0.9276639702462495   0.001821871392600144
  -0.7760671694367238     0.7032817232301363    0.00245710023583018
   0.7032817232301363    -0.7760671694367238    0.00245710023583018
  -0.9272145537934124     0.7032817232301363    0.00245710023583018
   0.7032817232301363    -0.9272145537934124    0.00245710023583018
  -0.9272145537934124    -0.7760671694367238    0.00245710023583018
  -0.7760671694367238    -0.9272145537934124    0.00245710023583018
  -0.3611605740743509     0.2864122094339779   0.002505000840804057
    0.286412209433978    -0.3611605740743508   0.002505000840804057
  -0.9252516353596272     0.2864122094339779   0.002505000840804057
   0.2864122094339779    -0.9252516353596273   0.002505000840804057
  -0.9252516353596272    -0.3611605740743508   0.002505000840804057
  -0.3611605740743509    -0.9252516353596273   0.002505000840804057
  -0.6308603862680544      0.554661941994693   0.003128456406918573
    0.554661941994693    -0.6308603862680544   0.003128456406918573
  -0.9238015557266386      0.554661941994693   0.003128456406918573
    0.554661941994693    -0.9238015557266386   0.003128456406918573
  -0.9238015557266386    -0.6308603862680544   0.003128456406918573
  -0.6308603862680544    -0.9238015557266386   0.003128456406918573
  -0.7084661896973268     0.6313056007711741    0.00295905103793856
   0.6313056007711741    -0.7084661896973268    0.00295905103793856
  -0.9228394110738474     0.6313056007711741    0.00295905103793856
   0.6313056007711741    -0.9228394110738474    0.00295905103793856
  -0.9228394110738474    -0.7084661896973268    0.00295905103793856
  -0.7084661896973268    -0.9228394110738474    0.00295905103793856
  -0.5263629566071315     0.4455853500577325   0.003199180121084084
   0.4455853500577325    -0.5263629566071315   0.003199180121084084
   -0.919222393450601     0.4455853500577325   0.003199180121084084
   0.4455853500577325     -0.919222393450601   0.003199180121084084
   -0.919222393450601    -0.5263629566071315   0.003199180121084084
  -0.5263629566071315     -0.919222393450601   0.003199180121084084
  -0.2455242948106229     0.1614931121440106   0.004448944908151797
   0.1614931121440106    -0.2455242948106229   0.004448944908151797
  -0.9159688173333878     0.1614931121440106   0.004448944908151797
   0.1614931121440106    -0.9159688173333878   0.004448944908151797
  -0.9159688173333878    -0.2455242948106229   0.004448944908151797
  -0.2455242948106229    -0.9159688173333878   0.004448944908151797
  -0.4348733013473522     0.3352576272798914   0.003713257246078839
   0.3352576272798914    -0.4348733013473522   0.003713257246078839
  -0.9003843259325393     0.3352576272798914   0.003713257246078839
   0.3352576272798914    -0.9003843259325394   0.003713257246078839
  -0.9003843259325393    -0.4348733013473522   0.003713257246078839
  -0.4348733013473522    -0.9003843259325394   0.003713257246078839
  -0.1519641979809755    0.04502540750122769   0.004585998526638913
  0.04502540750122769    -0.1519641979809755   0.004585998526638913
  -0.8930612095202521    0.04502540750122769   0.004585998526638913
  0.04502540750122769    -0.8930612095202521   0.004585998526638913
  -0.8930612095202521    -0.1519641979809755   0.004585998526638913
  -0.1519641979809755    -0.8930612095202521   0.004585998526638913
  -0.8086359652349788     0.7005793319104223   0.001932511269213886
   0.7005793319104223    -0.8086359652349788   0.001932511269213886
  -0.8919433666754435     0.7005793319104223   0.001932511269213886
   0.7005793319104223    -0.8919433666754435   0.001932511269213886
  -0.8919433666754435    -0.8086359652349788   0.001932511269213886
  -0.8086359652349788    -0.8919433666754435   0.001932511269213886
   -0.858698294761705     0.7499089200173286   0.001906404482099445
   0.7499089200173286     -0.858698294761705   0.001906404482099445
  -0.8912106252556236     0.7499089200173286   0.001906404482099445
   0.7499089200173286    -0.8912106252556236   0.001906404482099445
  -0.8912106252556236     -0.858698294761705   0.001906404482099445
   -0.858698294761705    -0.8912106252556236   0.001906404482099445
   -0.596249272228444     0.4811972479741718   0.003948529066324441
   0.4811972479741718     -0.596249272228444   0.003948529066324441
  -0.8849479757457277     0.4811972479741718   0.003948529066324441
   0.4811972479741717    -0.8849479757457277   0.003948529066324441
  -0.8849479757457277     -0.596249272228444   0.003948529066324441
   -0.596249272228444    -0.8849479757457277   0.003948529066324441
   -0.340950388307459     0.2243717559595874   0.004996481431419407
   0.2243717559595875    -0.3409503883074589   0.004996481431419407
  -0.8834213676521285     0.2243717559595874   0.004996481431419407
   0.2243717559595874    -0.8834213676521285   0.004996481431419407
  -0.8834213676521285    -0.3409503883074589   0.004996481431419407
   -0.340950388307459    -0.8834213676521285   0.004996481431419407
  -0.7536522566014671     0.6326918941493727   0.003398848789481045
   0.6326918941493727     -0.753652256601467   0.003398848789481045
  -0.8790396375479056     0.6326918941493727   0.003398848789481045
   0.6326918941493727    -0.8790396375479057   0.003398848789481045
  -0.8790396375479057     -0.753652256601467   0.003398848789481045
   -0.753652256601467    -0.8790396375479057   0.003398848789481045
  -0.6801257458285337      0.558252579670558   0.003877021611453934
    0.558252579670558    -0.6801257458285337   0.003877021611453934
  -0.8781268338420243      0.558252579670558   0.003877021611453934
    0.558252579670558    -0.8781268338420243   0.003877021611453934
  -0.8781268338420243    -0.6801257458285337   0.003877021611453934
  -0.6801257458285337    -0.8781268338420243   0.003877021611453934
  -0.5149763383538541     0.3902717224813542   0.003829699324108008
   0.3902717224813541    -0.5149763383538541   0.003829699324108008
     -0.8752953841275     0.3902717224813542   0.003829699324108008
   0.3902717224813541       -0.8752953841275   0.003829699324108008
     -0.8752953841275    -0.5149763383538541   0.003829699324108008
  -0.5149763383538541       -0.8752953841275   0.003829699324108008
  -0.4653663164663289     0.3394915561747112  6.315248622300524e-05
   0.3394915561747112    -0.4653663164663289  6.315248622300524e-05
  -0.8741252397083823     0.3394915561747112  6.315248622300524e-05
   0.3394915561747112    -0.8741252397083823  6.315248622300524e-05
  -0.8741252397083823    -0.4653663164663289  6.315248622300524e-05
  -0.4653663164663289    -0.8741252397083823  6.315248622300524e-05
  -0.2484245041314386     0.1132412880013799   0.005246279073955809
   0.1132412880013799    -0.2484245041314386   0.005246279073955809
  -0.8648167838699414     0.1132412880013799   0.005246279073955809
     0.11324128800138    -0.8648167838699414   0.005246279073955809
  -0.8648167838699414    -0.2484245041314386   0.005246279073955809
  -0.2484245041314386    -0.8648167838699414   0.005246279073955809
  -0.8252122831008595     0.6795319048010757   0.002222636645225531
   0.6795319048010757    -0.8252122831008595   0.002222636645225531
  -0.8543196217002162     0.6795319048010757   0.002222636645225531
   0.6795319048010757    -0.8543196217002162   0.002222636645225531
  -0.8543196217002162    -0.8252122831008595   0.002222636645225531
  -0.8252122831008595    -0.8543196217002162   0.002222636645225531
  -0.4347743736316555     0.2871481654156534   0.004221383189960166
   0.2871481654156534    -0.4347743736316554   0.004221383189960166
  -0.8523737917839979     0.2871481654156534   0.004221383189960166
   0.2871481654156534     -0.852373791783998   0.004221383189960166
   -0.852373791783998    -0.4347743736316554   0.004221383189960166
  -0.4347743736316555     -0.852373791783998   0.004221383189960166
  -0.1597241024475632  -0.002010510164970725   0.005432295914344919
-0.002010510164970669    -0.1597241024475632   0.005432295914344919
  -0.8382653873874661  -0.002010510164970725   0.005432295914344919
-0.002010510164970683    -0.8382653873874661   0.005432295914344919
  -0.8382653873874661    -0.1597241024475632   0.005432295914344919
  -0.1597241024475632    -0.8382653873874661   0.005432295914344919
  -0.6272469342435645     0.4585077641180755   0.004872092142467753
   0.4585077641180755    -0.6272469342435645   0.004872092142467753
   -0.831260829874511     0.4585077641180755   0.004872092142467753
   0.4585077641180755     -0.831260829874511   0.004872092142467753
   -0.831260829874511    -0.6272469342435645   0.004872092142467753
  -0.6272469342435645     -0.831260829874511   0.004872092142467753
  -0.5440065659479265     0.3732119896965247   0.004453885625570857
   0.3732119896965247    -0.5440065659479265   0.004453885625570857
  -0.8292054237485982     0.3732119896965247   0.004453885625570857
   0.3732119896965247    -0.8292054237485982   0.004453885625570857
  -0.8292054237485982    -0.5440065659479265   0.004453885625570857
  -0.5440065659479265    -0.8292054237485982   0.004453885625570857
  -0.7785994521484045     0.6033420920352417   0.003673516443625408
   0.6033420920352417    -0.7785994521484045   0.003673516443625408
  -0.8247426398868372     0.6033420920352417   0.003673516443625408
   0.6033420920352417    -0.8247426398868372   0.003673516443625408
  -0.8247426398868372    -0.7785994521484045   0.003673516443625408
  -0.7785994521484045    -0.8247426398868372   0.003673516443625408
   -0.344670611801241      0.169011306927916   0.005877170110118334
    0.169011306927916     -0.344670611801241   0.005877170110118334
   -0.824340695126675      0.169011306927916   0.005877170110118334
    0.169011306927916     -0.824340695126675   0.005877170110118334
   -0.824340695126675     -0.344670611801241   0.005877170110118334
   -0.344670611801241     -0.824340695126675   0.005877170110118334
  -0.7110323609839864      0.534863763482772   0.004355865380189713
    0.534863763482772    -0.7110323609839864   0.004355865380189713
  -0.8238314024987856      0.534863763482772   0.004355865380189713
    0.534863763482772    -0.8238314024987856   0.004355865380189713
  -0.8238314024987856    -0.7110323609839864   0.004355865380189713
  -0.7110323609839864    -0.8238314024987856   0.004355865380189713
  -0.4319573130724724     0.2544965130918718    0.00218162760362668
   0.2544965130918718    -0.4319573130724724    0.00218162760362668
  -0.8225392000193994     0.2544965130918718    0.00218162760362668
   0.2544965130918718    -0.8225392000193993    0.00218162760362668
  -0.8225392000193994    -0.4319573130724724    0.00218162760362668
  -0.4319573130724724    -0.8225392000193993    0.00218162760362668
  -0.2559041490254829    0.06099488147697613   0.005584819512525875
  0.06099488147697613    -0.2559041490254829   0.005584819512525875
  -0.8050907324514931    0.06099488147697613   0.005584819512525875
  0.06099488147697613    -0.8050907324514931   0.005584819512525875
  -0.8050907324514931    -0.2559041490254829   0.005584819512525875
  -0.2559041490254829    -0.8050907324514931   0.005584819512525875
  -0.4951442084997592     0.2888759445890332   0.004463037479634915
   0.2888759445890332    -0.4951442084997592   0.004463037479634915
  -0.7937317360892739     0.2888759445890332   0.004463037479634915
   0.2888759445890332    -0.7937317360892741   0.004463037479634915
  -0.7937317360892739    -0.4951442084997592   0.004463037479634915
  -0.4951442084997592    -0.7937317360892741   0.004463037479634915
  -0.6769703644069964      0.445822590588123    0.00509624478570568
    0.445822590588123    -0.6769703644069964    0.00509624478570568
  -0.7688522261811266      0.445822590588123    0.00509624478570568
    0.445822590588123    -0.7688522261811266    0.00509624478570568
  -0.7688522261811266    -0.6769703644069964    0.00509624478570568
  -0.6769703644069964    -0.7688522261811266    0.00509624478570568
  -0.5947747860969317     0.3635143180847409   0.005701283927577348
   0.3635143180847409    -0.5947747860969317   0.005701283927577348
  -0.7687395319878092     0.3635143180847409   0.005701283927577348
   0.3635143180847409    -0.7687395319878092   0.005701283927577348
  -0.7687395319878092    -0.5947747860969317   0.005701283927577348
  -0.5947747860969317    -0.7687395319878092   0.005701283927577348
  -0.4181915414267187     0.1859750676159482   0.005971424063932793
   0.1859750676159482    -0.4181915414267188   0.005971424063932793
  -0.7677835261892294     0.1859750676159482   0.005971424063932793
   0.1859750676159482    -0.7677835261892294   0.005971424063932793
  -0.7677835261892294    -0.4181915414267188   0.005971424063932793
  -0.4181915414267187    -0.7677835261892294   0.005971424063932793
  -0.2006569045700696   -0.03405073954162935   0.006144749013566763
 -0.03405073954162935    -0.2006569045700696   0.006144749013566763
  -0.7652923558883011   -0.03405073954162935   0.006144749013566763
 -0.03405073954162935    -0.7652923558883011   0.006144749013566763
  -0.7652923558883011    -0.2006569045700696   0.006144749013566763
  -0.2006569045700696    -0.7652923558883011   0.006144749013566763
  -0.3309397370932032    0.08269466142917947   0.006760219706432881
  0.08269466142917947    -0.3309397370932032   0.006760219706432881
  -0.7517549243359762    0.08269466142917947   0.006760219706432881
  0.08269466142917947    -0.7517549243359762   0.006760219706432881
  -0.7517549243359762    -0.3309397370932032   0.006760219706432881
  -0.3309397370932032    -0.7517549243359762   0.006760219706432881
  -0.5228506999374023     0.2579572738141654   0.005519766255877516
   0.2579572738141654    -0.5228506999374023   0.005519766255877516
   -0.735106573876763     0.2579572738141654   0.005519766255877516
   0.2579572738141654     -0.735106573876763   0.005519766255877516
   -0.735106573876763    -0.5228506999374023   0.005519766255877516
  -0.5228506999374023     -0.735106573876763   0.005519766255877516
  -0.2675706762650754   -0.02603415845399315    0.00668873297346811
 -0.02603415845399315    -0.2675706762650754    0.00668873297346811
  -0.7063951652809315   -0.02603415845399315    0.00668873297346811
 -0.02603415845399318    -0.7063951652809315    0.00668873297346811
  -0.7063951652809315    -0.2675706762650754    0.00668873297346811
  -0.2675706762650754    -0.7063951652809315    0.00668873297346811
  -0.4488231419514805     0.1471107503476425    0.00667872415702787
   0.1471107503476425    -0.4488231419514805    0.00667872415702787
   -0.698287608396162     0.1471107503476425    0.00667872415702787
   0.1471107503476425     -0.698287608396162    0.00667872415702787
   -0.698287608396162    -0.4488231419514805    0.00667872415702787
  -0.4488231419514805     -0.698287608396162    0.00667872415702787
  -0.6276438104069533      0.325404396906413   0.006043129859204992
   0.3254043969064129    -0.6276438104069533   0.006043129859204992
  -0.6977605864994596      0.325404396906413   0.006043129859204992
    0.325404396906413    -0.6977605864994595   0.006043129859204992
  -0.6977605864994596    -0.6276438104069533   0.006043129859204992
  -0.6276438104069533    -0.6977605864994595   0.006043129859204992
  -0.5555684576925299     0.2343890310277306   0.004450242439315915
   0.2343890310277306    -0.5555684576925298   0.004450242439315915
  -0.6788205733352006     0.2343890310277306   0.004450242439315915
   0.2343890310277306    -0.6788205733352006   0.004450242439315915
  -0.6788205733352006    -0.5555684576925298   0.004450242439315915
  -0.5555684576925299    -0.6788205733352006   0.004450242439315915
  -0.3720564882005002    0.04898844285203241   0.006679713592226156
  0.04898844285203241    -0.3720564882005002   0.006679713592226156
  -0.6769319546515322    0.04898844285203241   0.006679713592226156
  0.04898844285203244    -0.6769319546515322   0.006679713592226156
  -0.6769319546515322    -0.3720564882005002   0.006679713592226156
  -0.3720564882005002    -0.6769319546515322   0.006679713592226156
  -0.2326458580662139    -0.1013604871123073   0.003161505476386136
  -0.1013604871123073    -0.2326458580662139   0.003161505476386136
  -0.6659936548214789    -0.1013604871123073   0.003161505476386136
  -0.1013604871123073    -0.6659936548214789   0.003161505476386136
  -0.6659936548214789    -0.2326458580662139   0.003161505476386136
  -0.2326458580662139    -0.6659936548214789   0.003161505476386136
  -0.5178830031143837      0.151922748727922   0.005728646917040959
    0.151922748727922    -0.5178830031143837   0.005728646917040959
  -0.6340397456135383      0.151922748727922   0.005728646917040959
    0.151922748727922    -0.6340397456135383   0.005728646917040959
  -0.6340397456135383    -0.5178830031143837   0.005728646917040959
  -0.5178830031143837    -0.6340397456135383   0.005728646917040959
  -0.2361092616771747     -0.135062514370847   0.005470760584082234
  -0.1350625143708471    -0.2361092616771747   0.005470760584082234
  -0.6288282239519782     -0.135062514370847   0.005470760584082234
  -0.1350625143708471    -0.6288282239519782   0.005470760584082234
  -0.6288282239519782    -0.2361092616771747   0.005470760584082234
  -0.2361092616771747    -0.6288282239519782   0.005470760584082234
  -0.3360937611019792   -0.04526201208665803   0.007490048369247652
 -0.04526201208665809    -0.3360937611019792   0.007490048369247652
  -0.6186442268113628   -0.04526201208665803   0.007490048369247652
 -0.04526201208665809    -0.6186442268113628   0.007490048369247652
  -0.6186442268113628    -0.3360937611019792   0.007490048369247652
  -0.3360937611019792    -0.6186442268113628   0.007490048369247652
  -0.4492849462681847    0.05375973364418596   0.007740411926303433
  0.05375973364418596    -0.4492849462681847   0.007740411926303433
  -0.6044747873760012    0.05375973364418596   0.007740411926303433
  0.05375973364418596    -0.6044747873760012   0.007740411926303433
  -0.6044747873760012    -0.4492849462681847   0.007740411926303433
  -0.4492849462681847    -0.6044747873760012   0.007740411926303433
  -0.3122347021622398    -0.1432596175878151    0.00782489001540896
  -0.1432596175878151    -0.3122347021622398    0.00782489001540896
  -0.5445056802499451    -0.1432596175878151    0.00782489001540896
  -0.1432596175878151    -0.5445056802499451    0.00782489001540896
  -0.5445056802499451    -0.3122347021622398    0.00782489001540896
  -0.3122347021622398    -0.5445056802499451    0.00782489001540896
  -0.4097480750072348   -0.04882663859061548   0.007306300809038708
 -0.04882663859061545    -0.4097480750072348   0.007306300809038708
  -0.5414252864021498   -0.04882663859061548   0.007306300809038708
 -0.04882663859061545    -0.5414252864021498   0.007306300809038708
  -0.5414252864021498    -0.4097480750072348   0.007306300809038708
  -0.4097480750072348    -0.5414252864021498   0.007306300809038708
  -0.4450838546329606   -0.08510291327004499   0.003596815886504341
 -0.08510291327004504    -0.4450838546329607   0.003596815886504341
  -0.4698132320969943   -0.08510291327004499   0.003596815886504341
 -0.08510291327004504    -0.4698132320969943   0.003596815886504341
  -0.4698132320969943    -0.4450838546329607   0.003596815886504341
  -0.4450838546329606    -0.4698132320969943   0.003596815886504341
  -0.3723183568154875    -0.1677233136433222   0.007439688578693784
  -0.1677233136433222    -0.3723183568154874   0.007439688578693784
  -0.4599583295411903    -0.1677233136433222   0.007439688578693784
  -0.1677233136433222    -0.4599583295411903   0.007439688578693784
  -0.4599583295411903    -0.3723183568154874   0.007439688578693784
  -0.3723183568154875    -0.4599583295411903   0.007439688578693784
  -0.3371476599856854     -0.253104914930616   0.006254833601362014
   -0.253104914930616    -0.3371476599856854   0.006254833601362014
  -0.4097474250836987     -0.253104914930616   0.006254833601362014
   -0.253104914930616    -0.4097474250836987   0.006254833601362014
  -0.4097474250836987    -0.3371476599856854   0.006254833601362014
  -0.3371476599856854    -0.4097474250836987   0.006254833601362014

