# Rule degree: 65
  -0.3333333333333333    -0.3333333333333333   0.006821609843524413
  -0.9972192203418665      0.994438440683733  5.067508685150113e-05
   0.9944384406837329    -0.9972192203418665  5.067508685150113e-05
  -0.9972192203418665    -0.9972192203418665  5.067508685150113e-05
  -0.8641309795705203     0.7282619591410406   0.001955526167545496
   0.7282619591410406    -0.8641309795705203   0.001955526167545496
  -0.8641309795705203    -0.8641309795705203   0.001955526167545496
  -0.7636296690294464     0.5272593380588928   0.003718433979333498
   0.5272593380588928    -0.7636296690294464   0.003718433979333498
  -0.7636296690294464    -0.7636296690294464   0.003718433979333498
  -0.6784800133501769     0.3569600267003538    0.00517935885652276
   0.3569600267003539    -0.6784800133501769    0.00517935885652276
  -0.6784800133501769    -0.6784800133501769    0.00517935885652276
  -0.6294425007228991     0.2588850014457982   0.004805178127652404
   0.2588850014457982    -0.6294425007228992   0.004805178127652404
  -0.6294425007228991    -0.6294425007228992   0.004805178127652404
  -0.5596468116649056     0.1192936233298111   0.004262009415380314
   0.1192936233298112    -0.5596468116649056   0.004262009415380314
  -0.5596468116649056    -0.5596468116649056   0.004262009415380314
  -0.3786372941059029    -0.2427254117881943   0.006642295346439064
  -0.2427254117881943    -0.3786372941059029   0.006642295346439064
  -0.3786372941059029    -0.3786372941059029   0.006642295346439064
   -0.282544781892281    -0.4349104362154379   0.007333013832938455
  -0.4349104362154379     -0.282544781892281   0.007333013832938455
   -0.282544781892281     -0.282544781892281   0.007333013832938455
  -0.1030503754823047    -0.7938992490353907   0.004516172951676853
  -0.7938992490353907    -0.1030503754823047   0.004516172951676853
  -0.1030503754823047    -0.1030503754823047   0.004516172951676853
  -0.9856320548001798     0.9856173145312602  2.816453004589065e-05
   0.9856173145312601    -0.9856320548001798  2.816453004589065e-05
  -0.9999852597310803     0.9856173145312602  2.816453004589065e-05
   0.9856173145312601    -0.9999852597310803  2.816453004589065e-05
  -0.9999852597310803    -0.9856320548001798  2.816453004589065e-05
  -0.9856320548001798    -0.9999852597310803  2.816453004589065e-05
  -0.7886078096399243     0.7885827260194795  0.0001140151843036429
   0.7885827260194795    -0.7886078096399243  0.0001140151843036429
  -0.9999749163795553     0.7885827260194795  0.0001140151843036429
   0.7885827260194795    -0.9999749163795553  0.0001140151843036429
  -0.9999749163795553    -0.7886078096399243  0.0001140151843036429
  -0.7886078096399243    -0.9999749163795553  0.0001140151843036429
  -0.2297315852697193     0.2293265120451503  0.0001977539079981181
   0.2293265120451503    -0.2297315852697193  0.0001977539079981181
  -0.9995949267754309     0.2293265120451503  0.0001977539079981181
   0.2293265120451503    -0.9995949267754308  0.0001977539079981181
  -0.9995949267754309    -0.2297315852697193  0.0001977539079981181
  -0.2297315852697193    -0.9995949267754308  0.0001977539079981181
  -0.7242352409395509     0.7237584329692188  0.0001353267683019689
   0.7237584329692188    -0.7242352409395509  0.0001353267683019689
  -0.9995231920296679     0.7237584329692188  0.0001353267683019689
   0.7237584329692188    -0.9995231920296679  0.0001353267683019689
  -0.9995231920296679    -0.7242352409395509  0.0001353267683019689
  -0.7242352409395509    -0.9995231920296679  0.0001353267683019689
  -0.1397165861948768     0.1384742010296893  0.0003230708671594684
   0.1384742010296893    -0.1397165861948768  0.0003230708671594684
  -0.9987576148348125     0.1384742010296893  0.0003230708671594684
   0.1384742010296894    -0.9987576148348125  0.0003230708671594684
  -0.9987576148348125    -0.1397165861948768  0.0003230708671594684
  -0.1397165861948768    -0.9987576148348125  0.0003230708671594684
 -0.04465082080274851    0.04275935298315514  0.0004301967227018013
  0.04275935298315514   -0.04465082080274851  0.0004301967227018013
  -0.9981085321804066    0.04275935298315514  0.0004301967227018013
  0.04275935298315513    -0.9981085321804066  0.0004301967227018013
  -0.9981085321804066   -0.04465082080274851  0.0004301967227018013
 -0.04465082080274852    -0.9981085321804066  0.0004301967227018013
  -0.5162201370709267     0.5142814368209669  0.0004282755438033194
   0.5142814368209669    -0.5162201370709267  0.0004282755438033194
  -0.9980612997500402     0.5142814368209669  0.0004282755438033194
   0.5142814368209669    -0.9980612997500402  0.0004282755438033194
  -0.9980612997500402    -0.5162201370709267  0.0004282755438033194
  -0.5162201370709267    -0.9980612997500402  0.0004282755438033194
  -0.8478204045707433     0.8457866357442936  0.0002664364046312964
   0.8457866357442936    -0.8478204045707434  0.0002664364046312964
  -0.9979662311735503     0.8457866357442936  0.0002664364046312964
   0.8457866357442936    -0.9979662311735502  0.0002664364046312964
  -0.9979662311735502    -0.8478204045707434  0.0002664364046312964
  -0.8478204045707434    -0.9979662311735502  0.0002664364046312964
  -0.4283427789180471     0.4263051090043732  0.0004642824439464587
   0.4263051090043732    -0.4283427789180471  0.0004642824439464587
  -0.9979623300863261     0.4263051090043732  0.0004642824439464587
   0.4263051090043732    -0.9979623300863261  0.0004642824439464587
  -0.9979623300863261    -0.4283427789180471  0.0004642824439464587
  -0.4283427789180471    -0.9979623300863261  0.0004642824439464587
   -0.339915557594561     0.3378458176927688  0.0004684646127833021
   0.3378458176927688     -0.339915557594561  0.0004684646127833021
  -0.9979302600982078     0.3378458176927688  0.0004684646127833021
   0.3378458176927688    -0.9979302600982077  0.0004684646127833021
  -0.9979302600982078     -0.339915557594561  0.0004684646127833021
   -0.339915557594561    -0.9979302600982077  0.0004684646127833021
  -0.9340680848204118     0.9319016230930564  0.0001983766544444501
   0.9319016230930564    -0.9340680848204117  0.0001983766544444501
  -0.9978335382726445     0.9319016230930564  0.0001983766544444501
   0.9319016230930564    -0.9978335382726446  0.0001983766544444501
  -0.9978335382726446    -0.9340680848204117  0.0001983766544444501
  -0.9340680848204117    -0.9978335382726446  0.0001983766544444501
  -0.5990684432749909     0.5967271406252312   0.000458059198324628
   0.5967271406252312    -0.5990684432749909   0.000458059198324628
  -0.9976586973502404     0.5967271406252312   0.000458059198324628
   0.5967271406252312    -0.9976586973502404   0.000458059198324628
  -0.9976586973502404    -0.5990684432749909   0.000458059198324628
  -0.5990684432749909    -0.9976586973502404   0.000458059198324628
  -0.8946981444690478     0.8923432692062493  0.0002580878668503919
   0.8923432692062494    -0.8946981444690478  0.0002580878668503919
  -0.9976451247372016     0.8923432692062493  0.0002580878668503919
   0.8923432692062494    -0.9976451247372016  0.0002580878668503919
  -0.9976451247372016    -0.8946981444690478  0.0002580878668503919
  -0.8946981444690478    -0.9976451247372016  0.0002580878668503919
  -0.9646330297164438     0.9619476027642202  0.0001759221708488511
   0.9619476027642202    -0.9646330297164438  0.0001759221708488511
  -0.9973145730477764     0.9619476027642202  0.0001759221708488511
   0.9619476027642202    -0.9973145730477764  0.0001759221708488511
  -0.9973145730477764    -0.9646330297164438  0.0001759221708488511
  -0.9646330297164438    -0.9973145730477764  0.0001759221708488511
  -0.6686894207853264     0.6657698271667554  0.0004717914767502648
   0.6657698271667554    -0.6686894207853264  0.0004717914767502648
  -0.9970804063814289     0.6657698271667554  0.0004717914767502648
   0.6657698271667554    -0.9970804063814289  0.0004717914767502648
  -0.9970804063814289    -0.6686894207853264  0.0004717914767502648
  -0.6686894207853264    -0.9970804063814289  0.0004717914767502648
  -0.2717683370019435     0.2668462827382606  0.0006337273070051768
   0.2668462827382606    -0.2717683370019435  0.0006337273070051768
   -0.995077945736317     0.2668462827382606  0.0006337273070051768
   0.2668462827382606     -0.995077945736317  0.0006337273070051768
   -0.995077945736317    -0.2717683370019435  0.0006337273070051768
  -0.2717683370019435     -0.995077945736317  0.0006337273070051768
  -0.9853350474383162     0.9793809337535762  0.0001496938915603842
   0.9793809337535762    -0.9853350474383162  0.0001496938915603842
  -0.9940458863152599     0.9793809337535762  0.0001496938915603842
   0.9793809337535762    -0.9940458863152599  0.0001496938915603842
  -0.9940458863152599    -0.9853350474383162  0.0001496938915603842
  -0.9853350474383162    -0.9940458863152599  0.0001496938915603842
    -0.74658175612926     0.7402543286484042  0.0006473431078391858
   0.7402543286484042      -0.74658175612926  0.0006473431078391858
  -0.9936725725191442     0.7402543286484042  0.0006473431078391858
   0.7402543286484042    -0.9936725725191442  0.0006473431078391858
  -0.9936725725191442      -0.74658175612926  0.0006473431078391858
    -0.74658175612926    -0.9936725725191442  0.0006473431078391858
  -0.8051805074614053     0.7984636713995756  0.0005892304463936721
   0.7984636713995756    -0.8051805074614053  0.0005892304463936721
  -0.9932831639381703     0.7984636713995756  0.0005892304463936721
   0.7984636713995756    -0.9932831639381703  0.0005892304463936721
  -0.9932831639381703    -0.8051805074614053  0.0005892304463936721
  -0.8051805074614053    -0.9932831639381703  0.0005892304463936721
  -0.1015463213136993    0.09402835373878632  0.0007513583666141808
  0.09402835373878626    -0.1015463213136993  0.0007513583666141808
  -0.9924820324250869    0.09402835373878632  0.0007513583666141808
   0.0940283537387863    -0.9924820324250869  0.0007513583666141808
  -0.9924820324250869    -0.1015463213136993  0.0007513583666141808
  -0.1015463213136993    -0.9924820324250869  0.0007513583666141808
  -0.1908760700741776     0.1827185517721671   0.001053859508570657
   0.1827185517721671    -0.1908760700741777   0.001053859508570657
  -0.9918424816979894     0.1827185517721671   0.001053859508570657
   0.1827185517721671    -0.9918424816979893   0.001053859508570657
  -0.9918424816979894    -0.1908760700741777   0.001053859508570657
  -0.1908760700741776    -0.9918424816979893   0.001053859508570657
  -0.5534293903884302     0.5436033464633361  0.0007751056692108313
   0.5436033464633361    -0.5534293903884302  0.0007751056692108313
  -0.9901739560749059     0.5436033464633361  0.0007751056692108313
   0.5436033464633361    -0.9901739560749059  0.0007751056692108313
  -0.9901739560749059    -0.5534293903884302  0.0007751056692108313
  -0.5534293903884302    -0.9901739560749059  0.0007751056692108313
  -0.4691793809022498     0.4588242136931198   0.001027733306397182
   0.4588242136931198    -0.4691793809022498   0.001027733306397182
    -0.98964483279087     0.4588242136931198   0.001027733306397182
   0.4588242136931198      -0.98964483279087   0.001027733306397182
    -0.98964483279087    -0.4691793809022498   0.001027733306397182
  -0.4691793809022498      -0.98964483279087   0.001027733306397182
 -0.02641227524826412    0.01560710584082875  0.0006928666860589975
  0.01560710584082875   -0.02641227524826412  0.0006928666860589975
  -0.9891948305925646    0.01560710584082875  0.0006928666860589975
  0.01560710584082877    -0.9891948305925645  0.0006928666860589975
  -0.9891948305925646   -0.02641227524826412  0.0006928666860589975
  -0.0264122752482641    -0.9891948305925645  0.0006928666860589975
  -0.3781716135483236     0.3669066764849389   0.001230986674152133
   0.3669066764849389    -0.3781716135483235   0.001230986674152133
  -0.9887350629366154     0.3669066764849389   0.001230986674152133
   0.3669066764849389    -0.9887350629366154   0.001230986674152133
  -0.9887350629366154    -0.3781716135483235   0.001230986674152133
  -0.3781716135483236    -0.9887350629366154   0.001230986674152133
  -0.8643760041584518      0.852895991906891  0.0006624478203641726
    0.852895991906891    -0.8643760041584518  0.0006624478203641726
  -0.9885199877484392      0.852895991906891  0.0006624478203641726
    0.852895991906891    -0.9885199877484392  0.0006624478203641726
  -0.9885199877484392    -0.8643760041584518  0.0006624478203641726
  -0.8643760041584518    -0.9885199877484392  0.0006624478203641726
  -0.9115101337423497     0.8997605190412725  0.0005235978183859526
   0.8997605190412725    -0.9115101337423497  0.0005235978183859526
  -0.9882503852989228     0.8997605190412725  0.0005235978183859526
   0.8997605190412725    -0.9882503852989228  0.0005235978183859526
  -0.9882503852989228    -0.9115101337423497  0.0005235978183859526
  -0.9115101337423497    -0.9882503852989228  0.0005235978183859526
  -0.9459701122551125     0.9337352062502419  0.0004280646319852995
   0.9337352062502418    -0.9459701122551125  0.0004280646319852995
  -0.9877650939951292     0.9337352062502419  0.0004280646319852995
   0.9337352062502418    -0.9877650939951292  0.0004280646319852995
  -0.9877650939951292    -0.9459701122551125  0.0004280646319852995
  -0.9459701122551125    -0.9877650939951292  0.0004280646319852995
   -0.693193138246444     0.6804213256167446  0.0008486260536175875
   0.6804213256167446     -0.693193138246444  0.0008486260536175875
  -0.9872281873703006     0.6804213256167446  0.0008486260536175875
   0.6804213256167446    -0.9872281873703006  0.0008486260536175875
  -0.9872281873703006     -0.693193138246444  0.0008486260536175875
   -0.693193138246444    -0.9872281873703006  0.0008486260536175875
  -0.6247199054295991     0.6104406831411098   0.001182402984972244
   0.6104406831411098    -0.6247199054295991   0.001182402984972244
  -0.9857207777115107     0.6104406831411098   0.001182402984972244
   0.6104406831411098    -0.9857207777115107   0.001182402984972244
  -0.9857207777115107    -0.6247199054295991   0.001182402984972244
  -0.6247199054295991    -0.9857207777115107   0.001182402984972244
  -0.9720707055248253     0.9573144403878071  0.0003325343116370813
   0.9573144403878071    -0.9720707055248252  0.0003325343116370813
  -0.9852437348629818     0.9573144403878071  0.0003325343116370813
   0.9573144403878071    -0.9852437348629819  0.0003325343116370813
  -0.9852437348629819    -0.9720707055248252  0.0003325343116370813
  -0.9720707055248252    -0.9852437348629819  0.0003325343116370813
  -0.2906797767852076     0.2742966343829213    0.00146051298968478
   0.2742966343829213    -0.2906797767852076    0.00146051298968478
  -0.9836168575977138     0.2742966343829213    0.00146051298968478
   0.2742966343829213    -0.9836168575977138    0.00146051298968478
  -0.9836168575977138    -0.2906797767852076    0.00146051298968478
  -0.2906797767852076    -0.9836168575977138    0.00146051298968478
  -0.8231197040200922     0.8026756622549409  0.0008685799994128575
   0.8026756622549409    -0.8231197040200922  0.0008685799994128575
  -0.9795559582348488     0.8026756622549409  0.0008685799994128575
   0.8026756622549409    -0.9795559582348488  0.0008685799994128575
  -0.9795559582348488    -0.8231197040200922  0.0008685799994128575
  -0.8231197040200922    -0.9795559582348488  0.0008685799994128575
  -0.1092628396324449    0.08879865557394906   0.001623569450589712
  0.08879865557394906    -0.1092628396324449   0.001623569450589712
  -0.9795358159415042    0.08879865557394906   0.001623569450589712
  0.08879865557394903    -0.9795358159415042   0.001623569450589712
  -0.9795358159415042    -0.1092628396324449   0.001623569450589712
  -0.1092628396324449    -0.9795358159415042   0.001623569450589712
  -0.5373863875799785     0.5165767372026346   0.001016781296042599
   0.5165767372026346    -0.5373863875799785   0.001016781296042599
  -0.9791903496226562     0.5165767372026346   0.001016781296042599
   0.5165767372026346    -0.9791903496226562   0.001016781296042599
  -0.9791903496226562    -0.5373863875799785   0.001016781296042599
  -0.5373863875799785    -0.9791903496226562   0.001016781296042599
  -0.7680762453646335     0.7466181067683959   0.001133219017417114
   0.7466181067683959    -0.7680762453646335   0.001133219017417114
  -0.9785418614037624     0.7466181067683959   0.001133219017417114
   0.7466181067683959    -0.9785418614037624   0.001133219017417114
  -0.9785418614037624    -0.7680762453646335   0.001133219017417114
  -0.7680762453646335    -0.9785418614037624   0.001133219017417114
  -0.3334566904755998     0.3109608130112871  6.011275932970456e-05
   0.3109608130112871    -0.3334566904755998  6.011275932970456e-05
  -0.9775041225356873     0.3109608130112871  6.011275932970456e-05
   0.3109608130112871    -0.9775041225356873  6.011275932970456e-05
  -0.9775041225356873    -0.3334566904755998  6.011275932970456e-05
  -0.3334566904755998    -0.9775041225356873  6.011275932970456e-05
   -0.204580737885225     0.1802243671183407   0.001878506120779318
   0.1802243671183408    -0.2045807378852249   0.001878506120779318
  -0.9756436292331159     0.1802243671183407   0.001878506120779318
   0.1802243671183408    -0.9756436292331159   0.001878506120779318
  -0.9756436292331159    -0.2045807378852249   0.001878506120779318
  -0.2045807378852249    -0.9756436292331159   0.001878506120779318
   -0.449289436232825     0.4234039445756583   0.001575943581340854
   0.4234039445756583     -0.449289436232825   0.001575943581340854
  -0.9741145083428333     0.4234039445756583   0.001575943581340854
   0.4234039445756583    -0.9741145083428333   0.001575943581340854
  -0.9741145083428333     -0.449289436232825   0.001575943581340854
   -0.449289436232825    -0.9741145083428333   0.001575943581340854
  -0.7159453059236534     0.6899265492417258  0.0008785826554802534
   0.6899265492417259    -0.7159453059236534  0.0008785826554802534
  -0.9739812433180726     0.6899265492417258  0.0008785826554802534
   0.6899265492417259    -0.9739812433180726  0.0008785826554802534
  -0.9739812433180726    -0.7159453059236534  0.0008785826554802534
  -0.7159453059236534    -0.9739812433180726  0.0008785826554802534
  -0.8907965727342955     0.8644529176997293  0.0007621945086772935
   0.8644529176997293    -0.8907965727342955  0.0007621945086772935
  -0.9736563449654339     0.8644529176997293  0.0007621945086772935
   0.8644529176997293    -0.9736563449654339  0.0007621945086772935
  -0.9736563449654339    -0.8907965727342955  0.0007621945086772935
  -0.8907965727342955    -0.9736563449654339  0.0007621945086772935
 -0.01448873375885185   -0.01228378628390431  0.0009276602620991252
 -0.01228378628390436    -0.0144887337588519  0.0009276602620991252
  -0.9732274799572438   -0.01228378628390431  0.0009276602620991252
 -0.01228378628390436    -0.9732274799572438  0.0009276602620991252
  -0.9732274799572438    -0.0144887337588519  0.0009276602620991252
 -0.01448873375885185    -0.9732274799572438  0.0009276602620991252
  -0.9573693913228412      0.927198009239202  0.0004652610411747809
    0.927198009239202    -0.9573693913228412  0.0004652610411747809
  -0.9698286179163609      0.927198009239202  0.0004652610411747809
    0.927198009239202    -0.9698286179163609  0.0004652610411747809
  -0.9698286179163609    -0.9573693913228412  0.0004652610411747809
  -0.9573693913228412    -0.9698286179163609  0.0004652610411747809
  -0.9293194281884913     0.8989889560373754  0.0007578828836680194
   0.8989889560373754    -0.9293194281884913  0.0007578828836680194
   -0.969669527848884     0.8989889560373754  0.0007578828836680194
   0.8989889560373754     -0.969669527848884  0.0007578828836680194
   -0.969669527848884    -0.9293194281884913  0.0007578828836680194
  -0.9293194281884913     -0.969669527848884  0.0007578828836680194
  -0.3715917320230707     0.3411708980244021   0.001827229226585854
   0.3411708980244021    -0.3715917320230706   0.001827229226585854
  -0.9695791660013315     0.3411708980244021   0.001827229226585854
   0.3411708980244021    -0.9695791660013315   0.001827229226585854
  -0.9695791660013315    -0.3715917320230706   0.001827229226585854
  -0.3715917320230707    -0.9695791660013315   0.001827229226585854
  -0.5970054517480499     0.5632355561245281   0.001701833273703744
   0.5632355561245281    -0.5970054517480499   0.001701833273703744
  -0.9662301043764783     0.5632355561245281   0.001701833273703744
   0.5632355561245281    -0.9662301043764783   0.001701833273703744
  -0.9662301043764783    -0.5970054517480499   0.001701833273703744
  -0.5970054517480499    -0.9662301043764783   0.001701833273703744
  -0.6664563328432862     0.6323209531581104   0.001558631713040957
   0.6323209531581104    -0.6664563328432862   0.001558631713040957
  -0.9658646203148242     0.6323209531581104   0.001558631713040957
   0.6323209531581104    -0.9658646203148242   0.001558631713040957
  -0.9658646203148242    -0.6664563328432862   0.001558631713040957
  -0.6664563328432862    -0.9658646203148242   0.001558631713040957
  -0.8550744980307189     0.8202328145049145  0.0009840575578681629
   0.8202328145049145     -0.855074498030719  0.0009840575578681629
  -0.9651583164741956     0.8202328145049145  0.0009840575578681629
   0.8202328145049145    -0.9651583164741955  0.0009840575578681629
  -0.9651583164741955     -0.855074498030719  0.0009840575578681629
   -0.855074498030719    -0.9651583164741955  0.0009840575578681629
  -0.5175380702107253      0.481727835981742    0.00135796325103051
   0.4817278359817419    -0.5175380702107253    0.00135796325103051
  -0.9641897657710166      0.481727835981742    0.00135796325103051
    0.481727835981742    -0.9641897657710166    0.00135796325103051
  -0.9641897657710166    -0.5175380702107253    0.00135796325103051
  -0.5175380702107253    -0.9641897657710166    0.00135796325103051
  -0.2892240722836336     0.2508407733958577   0.002149445258649274
   0.2508407733958577    -0.2892240722836336   0.002149445258649274
  -0.9616167011122241     0.2508407733958577   0.002149445258649274
   0.2508407733958577    -0.9616167011122241   0.002149445258649274
  -0.9616167011122241    -0.2892240722836336   0.002149445258649274
  -0.2892240722836336    -0.9616167011122241   0.002149445258649274
  -0.1013837916635907    0.06112736317092138    0.00168155311813613
  0.06112736317092132    -0.1013837916635907    0.00168155311813613
  -0.9597435715073306    0.06112736317092138    0.00168155311813613
  0.06112736317092136    -0.9597435715073305    0.00168155311813613
  -0.9597435715073306    -0.1013837916635907    0.00168155311813613
  -0.1013837916635907    -0.9597435715073305    0.00168155311813613
  -0.8029851760159936     0.7593272891675942   0.001557555308214348
   0.7593272891675942    -0.8029851760159936   0.001557555308214348
  -0.9563421131516006     0.7593272891675942   0.001557555308214348
   0.7593272891675942    -0.9563421131516006   0.001557555308214348
  -0.9563421131516006    -0.8029851760159936   0.001557555308214348
  -0.8029851760159936    -0.9563421131516006   0.001557555308214348
  -0.1740569449494464     0.1282999042271196   0.001976844453619851
   0.1282999042271196    -0.1740569449494465   0.001976844453619851
  -0.9542429592776731     0.1282999042271196   0.001976844453619851
   0.1282999042271196    -0.9542429592776731   0.001976844453619851
  -0.9542429592776731    -0.1740569449494465   0.001976844453619851
  -0.1740569449494464    -0.9542429592776731   0.001976844453619851
  -0.7427689037779301     0.6959577058978259   0.001734109058619724
   0.6959577058978259    -0.7427689037779301   0.001734109058619724
  -0.9531888021198958     0.6959577058978259   0.001734109058619724
   0.6959577058978259    -0.9531888021198958   0.001734109058619724
  -0.9531888021198958    -0.7427689037779301   0.001734109058619724
  -0.7427689037779301    -0.9531888021198958   0.001734109058619724
 -0.05614481217585499   0.006035254296750336   0.001355050672380555
 0.006035254296750336   -0.05614481217585499   0.001355050672380555
  -0.9498904421208954   0.006035254296750336   0.001355050672380555
 0.006035254296750343    -0.9498904421208954   0.001355050672380555
  -0.9498904421208954   -0.05614481217585499   0.001355050672380555
 -0.05614481217585498    -0.9498904421208954   0.001355050672380555
  -0.9026824403957434     0.8524667357125246   0.001085548948520109
   0.8524667357125246    -0.9026824403957434   0.001085548948520109
  -0.9497842953167812     0.8524667357125246   0.001085548948520109
   0.8524667357125246    -0.9497842953167812   0.001085548948520109
  -0.9497842953167812    -0.9026824403957434   0.001085548948520109
  -0.9026824403957434    -0.9497842953167812   0.001085548948520109
  -0.4522881700183965     0.4001318730743316    0.00240232673780095
   0.4001318730743316    -0.4522881700183966    0.00240232673780095
   -0.947843703055935     0.4001318730743316    0.00240232673780095
   0.4001318730743316     -0.947843703055935    0.00240232673780095
   -0.947843703055935    -0.4522881700183966    0.00240232673780095
  -0.4522881700183965     -0.947843703055935    0.00240232673780095
   -0.239932794170673     0.1841229259371277   0.001911848382834421
   0.1841229259371277     -0.239932794170673   0.001911848382834421
  -0.9441901317664547     0.1841229259371277   0.001911848382834421
   0.1841229259371277    -0.9441901317664548   0.001911848382834421
  -0.9441901317664547     -0.239932794170673   0.001911848382834421
   -0.239932794170673    -0.9441901317664548   0.001911848382834421
  -0.3734611584022263     0.3171234567496002   0.002308513997208694
   0.3171234567496002    -0.3734611584022263   0.002308513997208694
  -0.9436622983473739     0.3171234567496002   0.002308513997208694
   0.3171234567496002    -0.9436622983473739   0.002308513997208694
  -0.9436622983473739    -0.3734611584022263   0.002308513997208694
  -0.3734611584022263    -0.9436622983473739   0.002308513997208694
  -0.9413401995662373     0.8838003312770979  0.0005382122423750675
   0.8838003312770979    -0.9413401995662372  0.0005382122423750675
  -0.9424601317108606     0.8838003312770979  0.0005382122423750675
   0.8838003312770979    -0.9424601317108607  0.0005382122423750675
  -0.9424601317108607    -0.9413401995662372  0.0005382122423750675
  -0.9413401995662372    -0.9424601317108607  0.0005382122423750675
  -0.5406539148796765     0.4825924739872521   0.002201470841188812
    0.482592473987252    -0.5406539148796765   0.002201470841188812
  -0.9419385591075755     0.4825924739872521   0.002201470841188812
   0.4825924739872521    -0.9419385591075755   0.002201470841188812
  -0.9419385591075755    -0.5406539148796765   0.002201470841188812
  -0.5406539148796765    -0.9419385591075755   0.002201470841188812
  -0.8598191346340893     0.7998906285195142   0.001377376442752308
   0.7998906285195142    -0.8598191346340893   0.001377376442752308
  -0.9400714938854249     0.7998906285195142   0.001377376442752308
   0.7998906285195142    -0.9400714938854249   0.001377376442752308
  -0.9400714938854249    -0.8598191346340893   0.001377376442752308
  -0.8598191346340893    -0.9400714938854249   0.001377376442752308
  -0.6855317293904952     0.6240781777027915   0.002060624145379135
   0.6240781777027915    -0.6855317293904952   0.002060624145379135
  -0.9385464483122963     0.6240781777027915   0.002060624145379135
   0.6240781777027915    -0.9385464483122963   0.002060624145379135
  -0.9385464483122963    -0.6855317293904952   0.002060624145379135
  -0.6855317293904952    -0.9385464483122963   0.002060624145379135
  -0.6162607060514911     0.5547811075464023   0.002267785667343147
   0.5547811075464022    -0.6162607060514911   0.002267785667343147
  -0.9385204014949111     0.5547811075464023   0.002267785667343147
   0.5547811075464022    -0.9385204014949111   0.002267785667343147
  -0.9385204014949111    -0.6162607060514911   0.002267785667343147
  -0.6162607060514911    -0.9385204014949111   0.002267785667343147
  -0.3127574524186967     0.2404287470903218   0.002596741709895432
   0.2404287470903217    -0.3127574524186967   0.002596741709895432
   -0.927671294671625     0.2404287470903218   0.002596741709895432
   0.2404287470903218     -0.927671294671625   0.002596741709895432
   -0.927671294671625    -0.3127574524186967   0.002596741709895432
  -0.3127574524186967     -0.927671294671625   0.002596741709895432
  -0.8176376558986151     0.7443163673946096   0.001560053919348037
   0.7443163673946096    -0.8176376558986151   0.001560053919348037
  -0.9266787114959945     0.7443163673946096   0.001560053919348037
   0.7443163673946096    -0.9266787114959945   0.001560053919348037
  -0.9266787114959945    -0.8176376558986151   0.001560053919348037
  -0.8176376558986151    -0.9266787114959945   0.001560053919348037
 -0.08121425015008876   0.007593783068632898   0.002371315041054554
 0.007593783068632898   -0.08121425015008871   0.002371315041054554
  -0.9263795329185442   0.007593783068632898   0.002371315041054554
 0.007593783068632898    -0.9263795329185442   0.002371315041054554
  -0.9263795329185442   -0.08121425015008871   0.002371315041054554
 -0.08121425015008876    -0.9263795329185442   0.002371315041054554
  -0.1554811152944358     0.0812493318451421   0.002660045705747677
  0.08124933184514216    -0.1554811152944358   0.002660045705747677
  -0.9257682165507064     0.0812493318451421   0.002660045705747677
   0.0812493318451421    -0.9257682165507064   0.002660045705747677
  -0.9257682165507064    -0.1554811152944358   0.002660045705747677
  -0.1554811152944358    -0.9257682165507064   0.002660045705747677
  -0.9068568441881693     0.8304168273797953  0.0009029944403201804
   0.8304168273797952    -0.9068568441881693  0.0009029944403201804
  -0.9235599831916259     0.8304168273797953  0.0009029944403201804
   0.8304168273797952    -0.9235599831916259  0.0009029944403201804
  -0.9235599831916259    -0.9068568441881693  0.0009029944403201804
  -0.9068568441881693    -0.9235599831916259  0.0009029944403201804
  -0.7656714762091092     0.6886977278015061   0.002017185779522643
   0.6886977278015061    -0.7656714762091092   0.002017185779522643
  -0.9230262515923968     0.6886977278015061   0.002017185779522643
   0.6886977278015061    -0.9230262515923968   0.002017185779522643
  -0.9230262515923968    -0.7656714762091092   0.002017185779522643
  -0.7656714762091092    -0.9230262515923968   0.002017185779522643
  -0.4844634817335294      0.400317435333046   0.002821650200476945
   0.4003174353330461    -0.4844634817335294   0.002821650200476945
  -0.9158539535995167      0.400317435333046   0.002821650200476945
    0.400317435333046    -0.9158539535995167   0.002821650200476945
  -0.9158539535995167    -0.4844634817335294   0.002821650200476945
  -0.4844634817335294    -0.9158539535995167   0.002821650200476945
  -0.2362730855978575     0.1486105810238433   0.002983800180796133
   0.1486105810238434    -0.2362730855978574   0.002983800180796133
   -0.912337495425986     0.1486105810238433   0.002983800180796133
   0.1486105810238434     -0.912337495425986   0.002983800180796133
   -0.912337495425986    -0.2362730855978574   0.002983800180796133
  -0.2362730855978575     -0.912337495425986   0.002983800180796133
  -0.4075188622526638     0.3182870267981834   0.003100502580960398
   0.3182870267981834    -0.4075188622526638   0.003100502580960398
  -0.9107681645455197     0.3182870267981834   0.003100502580960398
   0.3182870267981834    -0.9107681645455197   0.003100502580960398
  -0.9107681645455197    -0.4075188622526638   0.003100502580960398
  -0.4075188622526638    -0.9107681645455197   0.003100502580960398
  -0.7144878291561545     0.6252347516044692    0.00181126803409075
   0.6252347516044692    -0.7144878291561545    0.00181126803409075
  -0.9107469224483147     0.6252347516044692    0.00181126803409075
   0.6252347516044692    -0.9107469224483147    0.00181126803409075
  -0.9107469224483147    -0.7144878291561545    0.00181126803409075
  -0.7144878291561545    -0.9107469224483147    0.00181126803409075
  -0.5637010390926217     0.4721954977493983   0.002714151570416625
   0.4721954977493983    -0.5637010390926216   0.002714151570416625
  -0.9084944586567766     0.4721954977493983   0.002714151570416625
   0.4721954977493982    -0.9084944586567767   0.002714151570416625
  -0.9084944586567767    -0.5637010390926216   0.002714151570416625
  -0.5637010390926216    -0.9084944586567767   0.002714151570416625
  -0.8735193938272214     0.7802830961880782   0.001700555628802178
   0.7802830961880782    -0.8735193938272214   0.001700555628802178
  -0.9067637023608568     0.7802830961880782   0.001700555628802178
   0.7802830961880782    -0.9067637023608568   0.001700555628802178
  -0.9067637023608568    -0.8735193938272214   0.001700555628802178
  -0.8735193938272214    -0.9067637023608568   0.001700555628802178
  -0.6407373351859127     0.5438375996168339   0.002821198431548056
   0.5438375996168339    -0.6407373351859127   0.002821198431548056
  -0.9031002644309212     0.5438375996168339   0.002821198431548056
   0.5438375996168339    -0.9031002644309212   0.002821198431548056
  -0.9031002644309212    -0.6407373351859127   0.002821198431548056
  -0.6407373351859127    -0.9031002644309212   0.002821198431548056
 -0.05415521352338876   -0.05162075774338165   0.001870015209792851
 -0.05162075774338165   -0.05415521352338876   0.001870015209792851
  -0.8942240287332295   -0.05162075774338165   0.001870015209792851
 -0.05162075774338165    -0.8942240287332295   0.001870015209792851
  -0.8942240287332295   -0.05415521352338876   0.001870015209792851
 -0.05415521352338876    -0.8942240287332295   0.001870015209792851
  -0.8256213464280271      0.719154114561956   0.001941182381020268
    0.719154114561956    -0.8256213464280271   0.001941182381020268
  -0.8935327681339289      0.719154114561956   0.001941182381020268
    0.719154114561956    -0.8935327681339289   0.001941182381020268
  -0.8935327681339289    -0.8256213464280271   0.001941182381020268
  -0.8256213464280271    -0.8935327681339289   0.001941182381020268
  -0.3314881258001339      0.222728336540911   0.003498103224100631
    0.222728336540911    -0.3314881258001339   0.003498103224100631
  -0.8912402107407771      0.222728336540911   0.003498103224100631
    0.222728336540911    -0.8912402107407771   0.003498103224100631
  -0.8912402107407771    -0.3314881258001339   0.003498103224100631
  -0.3314881258001339    -0.8912402107407771   0.003498103224100631
  -0.1516673942471192    0.03898744982978081   0.003931012727514121
  0.03898744982978081    -0.1516673942471192   0.003931012727514121
  -0.8873200555826617    0.03898744982978081   0.003931012727514121
  0.03898744982978082    -0.8873200555826617   0.003931012727514121
  -0.8873200555826617    -0.1516673942471192   0.003931012727514121
  -0.1516673942471192    -0.8873200555826617   0.003931012727514121
  -0.6992950435267243     0.5856101595244221   0.001682178170107362
   0.5856101595244221    -0.6992950435267242   0.001682178170107362
  -0.8863151159976977     0.5856101595244221   0.001682178170107362
   0.5856101595244221    -0.8863151159976979   0.001682178170107362
  -0.8863151159976979    -0.6992950435267242   0.001682178170107362
  -0.6992950435267242    -0.8863151159976979   0.001682178170107362
   -0.771913783864529     0.6536586785472771   0.002583380137353113
   0.6536586785472771    -0.7719137838645289   0.002583380137353113
  -0.8817448946827481     0.6536586785472771   0.002583380137353113
   0.6536586785472771    -0.8817448946827482   0.002583380137353113
  -0.8817448946827482    -0.7719137838645289   0.002583380137353113
  -0.7719137838645289    -0.8817448946827482   0.002583380137353113
  -0.2477259667162154     0.1225541017179505   0.003616902426095388
   0.1225541017179505    -0.2477259667162154   0.003616902426095388
  -0.8748281350017351     0.1225541017179505   0.003616902426095388
   0.1225541017179505    -0.8748281350017351   0.003616902426095388
  -0.8748281350017351    -0.2477259667162154   0.003616902426095388
  -0.2477259667162154    -0.8748281350017351   0.003616902426095388
  -0.5045404849200654     0.3792198524431838   0.003635533490803741
   0.3792198524431838    -0.5045404849200654   0.003635533490803741
  -0.8746793675231184     0.3792198524431838   0.003635533490803741
   0.3792198524431838    -0.8746793675231184   0.003635533490803741
  -0.8746793675231184    -0.5045404849200654   0.003635533490803741
  -0.5045404849200654    -0.8746793675231184   0.003635533490803741
  -0.5863228841681769     0.4574901355405525   0.002851000803174577
   0.4574901355405525    -0.5863228841681769   0.002851000803174577
  -0.8711672513723756     0.4574901355405525   0.002851000803174577
   0.4574901355405525    -0.8711672513723756   0.002851000803174577
  -0.8711672513723756    -0.5863228841681769   0.002851000803174577
  -0.5863228841681769    -0.8711672513723756   0.002851000803174577
  -0.4248150058160966     0.2949677935587441    0.00358191575953973
    0.294967793558744    -0.4248150058160967    0.00358191575953973
  -0.8701527877426474     0.2949677935587441    0.00358191575953973
   0.2949677935587441    -0.8701527877426474    0.00358191575953973
  -0.8701527877426474    -0.4248150058160967    0.00358191575953973
  -0.4248150058160966    -0.8701527877426474    0.00358191575953973
  -0.7263781914014419     0.5802318259367576   0.002642800466520904
   0.5802318259367576    -0.7263781914014418   0.002642800466520904
  -0.8538536345353157     0.5802318259367576   0.002642800466520904
   0.5802318259367576    -0.8538536345353158   0.002642800466520904
  -0.8538536345353158    -0.7263781914014418   0.002642800466520904
  -0.7263781914014418    -0.8538536345353158   0.002642800466520904
  -0.6546976627768468     0.5084140085038718    0.00346698195909994
   0.5084140085038718    -0.6546976627768468    0.00346698195909994
  -0.8537163457270249     0.5084140085038718    0.00346698195909994
   0.5084140085038718    -0.8537163457270249    0.00346698195909994
  -0.8537163457270249    -0.6546976627768468    0.00346698195909994
  -0.6546976627768468    -0.8537163457270249    0.00346698195909994
  -0.3485600327571499     0.2020991424924053    0.00236228550028469
   0.2020991424924054    -0.3485600327571498    0.00236228550028469
  -0.8535391097352556     0.2020991424924053    0.00236228550028469
   0.2020991424924053    -0.8535391097352556    0.00236228550028469
  -0.8535391097352556    -0.3485600327571498    0.00236228550028469
  -0.3485600327571499    -0.8535391097352556    0.00236228550028469
  -0.8156392932756096     0.6647306042992942   0.002202748816475898
   0.6647306042992942    -0.8156392932756096   0.002202748816475898
  -0.8490913110236846     0.6647306042992942   0.002202748816475898
   0.6647306042992942    -0.8490913110236846   0.002202748816475898
  -0.8490913110236846    -0.8156392932756096   0.002202748816475898
  -0.8156392932756096    -0.8490913110236846   0.002202748816475898
  -0.1166274404127799   -0.03485498383148661   0.004043253902957187
 -0.03485498383148655    -0.1166274404127799   0.004043253902957187
  -0.8485175757557335   -0.03485498383148661   0.004043253902957187
 -0.03485498383148655    -0.8485175757557335   0.004043253902957187
  -0.8485175757557335    -0.1166274404127799   0.004043253902957187
  -0.1166274404127799    -0.8485175757557335   0.004043253902957187
  -0.2102516648239244    0.04854354309486292   0.004125840527079311
  0.04854354309486292    -0.2102516648239244   0.004125840527079311
  -0.8382918782709385    0.04854354309486292   0.004125840527079311
  0.04854354309486292    -0.8382918782709385   0.004125840527079311
  -0.8382918782709385    -0.2102516648239244   0.004125840527079311
  -0.2102516648239244    -0.8382918782709385   0.004125840527079311
  -0.3093005188424521     0.1451929438702271   0.003232970019933769
   0.1451929438702271    -0.3093005188424522   0.003232970019933769
  -0.8358924250277749     0.1451929438702271   0.003232970019933769
   0.1451929438702271    -0.8358924250277749   0.003232970019933769
  -0.8358924250277749    -0.3093005188424522   0.003232970019933769
  -0.3093005188424521    -0.8358924250277749   0.003232970019933769
   -0.571907788999628     0.4035321186785245   0.003440254909764841
   0.4035321186785245     -0.571907788999628   0.003440254909764841
  -0.8316243296788965     0.4035321186785245   0.003440254909764841
   0.4035321186785245    -0.8316243296788967   0.003440254909764841
  -0.8316243296788965     -0.571907788999628   0.003440254909764841
   -0.571907788999628    -0.8316243296788967   0.003440254909764841
  -0.4120465246868341       0.23806814592056   0.003664969291827043
     0.23806814592056    -0.4120465246868341   0.003664969291827043
  -0.8260216212337259       0.23806814592056   0.003664969291827043
     0.23806814592056    -0.8260216212337259   0.003664969291827043
  -0.8260216212337259    -0.4120465246868341   0.003664969291827043
  -0.4120465246868341    -0.8260216212337259   0.003664969291827043
  -0.4962312361696768     0.3217236380426294   0.003921730111331611
   0.3217236380426294    -0.4962312361696768   0.003921730111331611
  -0.8254924018729526     0.3217236380426294   0.003921730111331611
   0.3217236380426294    -0.8254924018729526   0.003921730111331611
  -0.8254924018729526    -0.4962312361696768   0.003921730111331611
  -0.4962312361696768    -0.8254924018729526   0.003921730111331611
  -0.7762371402297057     0.5975120879338356   0.003085207455025002
   0.5975120879338356    -0.7762371402297057   0.003085207455025002
  -0.8212749477041299     0.5975120879338356   0.003085207455025002
   0.5975120879338356    -0.8212749477041299   0.003085207455025002
  -0.8212749477041299    -0.7762371402297057   0.003085207455025002
  -0.7762371402297057    -0.8212749477041299   0.003085207455025002
  -0.7092765734049898     0.5155876212342458   0.003617709052366646
   0.5155876212342458    -0.7092765734049897   0.003617709052366646
   -0.806311047829256     0.5155876212342458   0.003617709052366646
   0.5155876212342458    -0.8063110478292561   0.003617709052366646
  -0.8063110478292561    -0.7092765734049897   0.003617709052366646
  -0.7092765734049897    -0.8063110478292561   0.003617709052366646
  -0.6389067466605036     0.4407557051543019   0.004006701639900047
   0.4407557051543018    -0.6389067466605036   0.004006701639900047
  -0.8018489584937982     0.4407557051543019   0.004006701639900047
   0.4407557051543018    -0.8018489584937982   0.004006701639900047
  -0.8018489584937982    -0.6389067466605036   0.004006701639900047
  -0.6389067466605036    -0.8018489584937982   0.004006701639900047
  -0.1766141884849979   -0.02448082341161206   0.003884185274880642
 -0.02448082341161206    -0.1766141884849979   0.003884185274880642
  -0.7989049881033901   -0.02448082341161206   0.003884185274880642
 -0.02448082341161205    -0.7989049881033901   0.003884185274880642
  -0.7989049881033901    -0.1766141884849979   0.003884185274880642
  -0.1766141884849979    -0.7989049881033901   0.003884185274880642
  -0.2831453482600093    0.08080470524665717   0.004179298180666798
  0.08080470524665717    -0.2831453482600093   0.004179298180666798
  -0.7976593569866479    0.08080470524665717   0.004179298180666798
  0.08080470524665719    -0.7976593569866479   0.004179298180666798
  -0.7976593569866479    -0.2831453482600093   0.004179298180666798
  -0.2831453482600093    -0.7976593569866479   0.004179298180666798
  -0.4784041344369196     0.2717093982755829   0.001420980252578041
   0.2717093982755829    -0.4784041344369196   0.001420980252578041
  -0.7933052638386633     0.2717093982755829   0.001420980252578041
   0.2717093982755829    -0.7933052638386633   0.001420980252578041
  -0.7933052638386633    -0.4784041344369196   0.001420980252578041
  -0.4784041344369196    -0.7933052638386633   0.001420980252578041
  -0.3750028301881199     0.1600338427131116   0.004701971426694644
   0.1600338427131116    -0.3750028301881199   0.004701971426694644
  -0.7850310125249917     0.1600338427131116   0.004701971426694644
   0.1600338427131116    -0.7850310125249917   0.004701971426694644
  -0.7850310125249917    -0.3750028301881199   0.004701971426694644
  -0.3750028301881199    -0.7850310125249917   0.004701971426694644
  -0.4112021097570998     0.1926024586103643  6.934318791657481e-06
   0.1926024586103643    -0.4112021097570998  6.934318791657481e-06
  -0.7814003488532645     0.1926024586103643  6.934318791657481e-06
   0.1926024586103643    -0.7814003488532646  6.934318791657481e-06
  -0.7814003488532646    -0.4112021097570998  6.934318791657481e-06
  -0.4112021097570998    -0.7814003488532646  6.934318791657481e-06
  -0.5641814553285343     0.3445078465634657    0.00392164400202675
   0.3445078465634657    -0.5641814553285343    0.00392164400202675
  -0.7803263912349314     0.3445078465634657    0.00392164400202675
   0.3445078465634657    -0.7803263912349314    0.00392164400202675
  -0.7803263912349314    -0.5641814553285343    0.00392164400202675
  -0.5641814553285343    -0.7803263912349314    0.00392164400202675
  -0.4620501477241332     0.2291177865528047   0.003947745398856548
   0.2291177865528047    -0.4620501477241332   0.003947745398856548
  -0.7670676388286715     0.2291177865528047   0.003947745398856548
   0.2291177865528047    -0.7670676388286715   0.003947745398856548
  -0.7670676388286715    -0.4620501477241332   0.003947745398856548
  -0.4620501477241332    -0.7670676388286715   0.003947745398856548
  -0.2420950817012038   0.002580131326107016   0.004300696846025287
 0.002580131326107016    -0.2420950817012038   0.004300696846025287
  -0.7604850496249032   0.002580131326107016   0.004300696846025287
 0.002580131326107002     -0.760485049624903   0.004300696846025287
  -0.7604850496249032    -0.2420950817012038   0.004300696846025287
  -0.2420950817012038     -0.760485049624903   0.004300696846025287
  -0.6974055892558453     0.4448374461147813   0.004147366326580829
   0.4448374461147813    -0.6974055892558453   0.004147366326580829
   -0.747431856858936     0.4448374461147813   0.004147366326580829
   0.4448374461147813     -0.747431856858936   0.004147366326580829
   -0.747431856858936    -0.6974055892558453   0.004147366326580829
  -0.6974055892558453     -0.747431856858936   0.004147366326580829
  -0.5328788774147798     0.2772048253492321   0.003454826477400579
   0.2772048253492322    -0.5328788774147798   0.003454826477400579
  -0.7443259479344523     0.2772048253492321   0.003454826477400579
   0.2772048253492321    -0.7443259479344522   0.003454826477400579
  -0.7443259479344523    -0.5328788774147798   0.003454826477400579
  -0.5328788774147799    -0.7443259479344522   0.003454826477400579
  -0.6294133737167218     0.3719658640173928   0.004240774735289933
   0.3719658640173928    -0.6294133737167218   0.004240774735289933
  -0.7425524903006711     0.3719658640173928   0.004240774735289933
   0.3719658640173928    -0.7425524903006711   0.004240774735289933
  -0.7425524903006711    -0.6294133737167218   0.004240774735289933
  -0.6294133737167218    -0.7425524903006711   0.004240774735289933
  -0.3358164933922316    0.07363639445160852   0.005146298123089609
  0.07363639445160852    -0.3358164933922316   0.005146298123089609
  -0.7378199010593769    0.07363639445160852   0.005146298123089609
  0.07363639445160852    -0.7378199010593769   0.005146298123089609
  -0.7378199010593769    -0.3358164933922316   0.005146298123089609
  -0.3358164933922316    -0.7378199010593769   0.005146298123089609
  -0.1746435878619853   -0.09034649721432469   0.005327191845495598
 -0.09034649721432475    -0.1746435878619854   0.005327191845495598
  -0.7350099149236899   -0.09034649721432469   0.005327191845495598
 -0.09034649721432475    -0.7350099149236899   0.005327191845495598
  -0.7350099149236899    -0.1746435878619854   0.005327191845495598
  -0.1746435878619853    -0.7350099149236899   0.005327191845495598
  -0.4268077441997939     0.1462288059605207   0.005353084758502864
   0.1462288059605207    -0.4268077441997939   0.005353084758502864
  -0.7194210617607268     0.1462288059605207   0.005353084758502864
   0.1462288059605207    -0.7194210617607268   0.005353084758502864
  -0.7194210617607268    -0.4268077441997939   0.005353084758502864
  -0.4268077441997939    -0.7194210617607268   0.005353084758502864
  -0.2765655380880553   -0.02458591803466531   0.005554666254504497
 -0.02458591803466531    -0.2765655380880552   0.005554666254504497
  -0.6988485438772793   -0.02458591803466531   0.005554666254504497
 -0.02458591803466534    -0.6988485438772793   0.005554666254504497
  -0.6988485438772793    -0.2765655380880552   0.005554666254504497
  -0.2765655380880553    -0.6988485438772793   0.005554666254504497
  -0.5115113881741402     0.2062030378679591   0.004857360864023366
   0.2062030378679591    -0.5115113881741402   0.004857360864023366
  -0.6946916496938189     0.2062030378679591   0.004857360864023366
   0.2062030378679591    -0.6946916496938189   0.004857360864023366
  -0.6946916496938189    -0.5115113881741402   0.004857360864023366
  -0.5115113881741402    -0.6946916496938189   0.004857360864023366
  -0.5931897398264712     0.2878304900441611    0.00488378318556518
   0.2878304900441611    -0.5931897398264712    0.00488378318556518
  -0.6946407502176899     0.2878304900441611    0.00488378318556518
   0.2878304900441611    -0.6946407502176899    0.00488378318556518
  -0.6946407502176899    -0.5931897398264712    0.00488378318556518
  -0.5931897398264712    -0.6946407502176899    0.00488378318556518
  -0.3746343081524075    0.04404145384553504   0.005919686341197326
  0.04404145384553498    -0.3746343081524076   0.005919686341197326
  -0.6694071456931274    0.04404145384553504   0.005919686341197326
  0.04404145384553501    -0.6694071456931274   0.005919686341197326
  -0.6694071456931274    -0.3746343081524076   0.005919686341197326
  -0.3746343081524075    -0.6694071456931274   0.005919686341197326
   -0.207767505873955    -0.1237008018158941   0.005827841443489645
  -0.1237008018158941     -0.207767505873955   0.005827841443489645
  -0.6685316923101507    -0.1237008018158941   0.005827841443489645
  -0.1237008018158941    -0.6685316923101507   0.005827841443489645
  -0.6685316923101507     -0.207767505873955   0.005827841443489645
   -0.207767505873955    -0.6685316923101507   0.005827841443489645
  -0.4636764959887882     0.1095665370220458   0.005712911311720765
   0.1095665370220458    -0.4636764959887882   0.005712911311720765
  -0.6458900410332575     0.1095665370220458   0.005712911311720765
   0.1095665370220458    -0.6458900410332575   0.005712911311720765
  -0.6458900410332575    -0.4636764959887882   0.005712911311720765
  -0.4636764959887882    -0.6458900410332575   0.005712911311720765
  -0.5548603489243644     0.1837788497060354   0.005540890997805248
   0.1837788497060355    -0.5548603489243644   0.005540890997805248
  -0.6289185007816711     0.1837788497060354   0.005540890997805248
   0.1837788497060354    -0.6289185007816712   0.005540890997805248
  -0.6289185007816711    -0.5548603489243644   0.005540890997805248
  -0.5548603489243644    -0.6289185007816712   0.005540890997805248
  -0.3110815211699303   -0.06029830449912787   0.006133153493154319
 -0.06029830449912787    -0.3110815211699303   0.006133153493154319
  -0.6286201743309419   -0.06029830449912787   0.006133153493154319
  -0.0602983044991279    -0.6286201743309419   0.006133153493154319
  -0.6286201743309419    -0.3110815211699303   0.006133153493154319
  -0.3110815211699303    -0.6286201743309419   0.006133153493154319
  -0.2431204453069074    -0.1600929723204011   0.006135074559160962
   -0.160092972320401    -0.2431204453069075   0.006135074559160962
  -0.5967865823726917    -0.1600929723204011   0.006135074559160962
   -0.160092972320401    -0.5967865823726917   0.006135074559160962
  -0.5967865823726917    -0.2431204453069075   0.006135074559160962
  -0.2431204453069074    -0.5967865823726917   0.006135074559160962
  -0.4061353411046409  -0.001739583585305404    0.00645206440362926
-0.001739583585305404    -0.4061353411046409    0.00645206440362926
  -0.5921250753100535  -0.001739583585305404    0.00645206440362926
-0.001739583585305404    -0.5921250753100535    0.00645206440362926
  -0.5921250753100535    -0.4061353411046409    0.00645206440362926
  -0.4061353411046409    -0.5921250753100535    0.00645206440362926
   -0.493940631357767    0.07209647622593995   0.004799105342703473
  0.07209647622593995     -0.493940631357767   0.004799105342703473
   -0.578155844868173    0.07209647622593995   0.004799105342703473
  0.07209647622593993     -0.578155844868173   0.004799105342703473
   -0.578155844868173     -0.493940631357767   0.004799105342703473
   -0.493940631357767     -0.578155844868173   0.004799105342703473
  -0.3417299077576873    -0.1078788898729744   0.006328277905418996
  -0.1078788898729744    -0.3417299077576872   0.006328277905418996
  -0.5503912023693383    -0.1078788898729744   0.006328277905418996
  -0.1078788898729744    -0.5503912023693383   0.006328277905418996
  -0.5503912023693383    -0.3417299077576872   0.006328277905418996
  -0.3417299077576873    -0.5503912023693383   0.006328277905418996
  -0.4783780164526072   0.002307952074342812   0.004086607465643594
 0.002307952074342812    -0.4783780164526071   0.004086607465643594
  -0.5239299356217355   0.002307952074342812   0.004086607465643594
 0.002307952074342812    -0.5239299356217355   0.004086607465643594
  -0.5239299356217355    -0.4783780164526071   0.004086607465643594
  -0.4783780164526072    -0.5239299356217355   0.004086607465643594
  -0.2758952380410659    -0.2037081146006539   0.005721618704124715
  -0.2037081146006539    -0.2758952380410658   0.005721618704124715
  -0.5203966473582802    -0.2037081146006539   0.005721618704124715
  -0.2037081146006539    -0.5203966473582802   0.005721618704124715
  -0.5203966473582802    -0.2758952380410658   0.005721618704124715
  -0.2758952380410659    -0.5203966473582802   0.005721618704124715
  -0.4221391822741781   -0.07230316640359274   0.005677360575296044
 -0.07230316640359277    -0.4221391822741781   0.005677360575296044
  -0.5055576513222291   -0.07230316640359274   0.005677360575296044
 -0.07230316640359277    -0.5055576513222291   0.005677360575296044
  -0.5055576513222291    -0.4221391822741781   0.005677360575296044
  -0.4221391822741781    -0.5055576513222291   0.005677360575296044
  -0.3544210666488554    -0.1814169039938676   0.006284170527920532
  -0.1814169039938676    -0.3544210666488554   0.006284170527920532
   -0.464162029357277    -0.1814169039938676   0.006284170527920532
  -0.1814169039938676     -0.464162029357277   0.006284170527920532
   -0.464162029357277    -0.3544210666488554   0.006284170527920532
  -0.3544210666488554     -0.464162029357277   0.006284170527920532
  -0.4332974981967916    -0.1333030314248416   0.002556764129349672
  -0.1333030314248416    -0.4332974981967916   0.002556764129349672
  -0.4333994703783668    -0.1333030314248416   0.002556764129349672
  -0.1333030314248416    -0.4333994703783668   0.002556764129349672
  -0.4333994703783668    -0.4332974981967916   0.002556764129349672
  -0.4332974981967916    -0.4333994703783668   0.002556764129349672

