# Rule degree: 73
  -0.3333333333333333    -0.3333333333333333   0.001485848476966012
  -0.9979892265196856     0.9959784530393712  2.674258420230638e-05
    0.995978453039371    -0.9979892265196856  2.674258420230638e-05
  -0.9979892265196856    -0.9979892265196856  2.674258420230638e-05
  -0.9886449033152781     0.9772898066305562  0.0001616963550829519
   0.9772898066305563    -0.9886449033152781  0.0001616963550829519
  -0.9886449033152781    -0.9886449033152781  0.0001616963550829519
  -0.8853649450597559     0.7707298901195119   0.001270298588480101
    0.770729890119512    -0.8853649450597559   0.001270298588480101
  -0.8853649450597559    -0.8853649450597559   0.001270298588480101
   -0.850649758252797      0.701299516505594   0.001892153634369994
    0.701299516505594     -0.850649758252797   0.001892153634369994
   -0.850649758252797     -0.850649758252797   0.001892153634369994
  -0.8115093221443467     0.6230186442886934   0.002488237700402167
   0.6230186442886934    -0.8115093221443468   0.002488237700402167
  -0.8115093221443466    -0.8115093221443468   0.002488237700402167
  -0.5983882935355596     0.1967765870711191   0.003303560080398636
   0.1967765870711191    -0.5983882935355596   0.003303560080398636
  -0.5983882935355596    -0.5983882935355596   0.003303560080398636
  -0.5829132167434771     0.1658264334869541  0.0003773305812587296
   0.1658264334869541     -0.582913216743477  0.0003773305812587296
  -0.5829132167434771     -0.582913216743477  0.0003773305812587296
  -0.5493229474774495    0.09864589495489895   0.004540031499315068
  0.09864589495489895    -0.5493229474774495   0.004540031499315068
  -0.5493229474774495    -0.5493229474774495   0.004540031499315068
  -0.5131421984847016    0.02628439696940305   0.003434355038581353
  0.02628439696940307    -0.5131421984847016   0.003434355038581353
  -0.5131421984847016    -0.5131421984847016   0.003434355038581353
  -0.3837856557263145     -0.232428688547371   0.005667721444227326
   -0.232428688547371    -0.3837856557263146   0.005667721444227326
  -0.3837856557263145    -0.3837856557263146   0.005667721444227326
  -0.3063468285003692    -0.3873063429992616   0.005269670271810893
  -0.3873063429992616    -0.3063468285003692   0.005269670271810893
  -0.3063468285003692    -0.3063468285003692   0.005269670271810893
  -0.2377219129769985     -0.524556174046003   0.005242439074986792
   -0.524556174046003    -0.2377219129769985   0.005242439074986792
  -0.2377219129769985    -0.2377219129769985   0.005242439074986792
   -0.148567113877487     -0.702865772245026   0.003650458319236584
   -0.702865772245026    -0.1485671138774869   0.003650458319236584
   -0.148567113877487    -0.1485671138774869   0.003650458319236584
  -0.1328771491752998    -0.7342457016494004   0.001162522492273263
  -0.7342457016494004    -0.1328771491752998   0.001162522492273263
  -0.1328771491752998    -0.1328771491752998   0.001162522492273263
  -0.1031882932733551    -0.7936234134532898  0.0006192810001062777
  -0.7936234134532898    -0.1031882932733552  0.0006192810001062777
  -0.1031882932733551    -0.1031882932733552  0.0006192810001062777
 -0.09492638545066912    -0.8101472290986618   0.002902904990197928
  -0.8101472290986618   -0.09492638545066917   0.002902904990197928
 -0.09492638545066912   -0.09492638545066917   0.002902904990197928
  -0.0755907556673493    -0.8488184886653014   0.001996965597928824
  -0.8488184886653014   -0.07559075566734924   0.001996965597928824
  -0.0755907556673493   -0.07559075566734924   0.001996965597928824
 -0.06025744189485194    -0.8794851162102961   0.001795926538102776
  -0.8794851162102961   -0.06025744189485188   0.001795926538102776
 -0.06025744189485194   -0.06025744189485188   0.001795926538102776
 -0.04437307696441406    -0.9112538460711719   0.001422643261867007
  -0.9112538460711719   -0.04437307696441412   0.001422643261867007
 -0.04437307696441406   -0.04437307696441412   0.001422643261867007
  -0.0357830395834372    -0.9284339208331256   0.001504078063312626
  -0.9284339208331256   -0.03578303958343726   0.001504078063312626
  -0.0357830395834372   -0.03578303958343726   0.001504078063312626
 -0.02512890687704394    -0.9497421862459121   0.001836378612310505
  -0.9497421862459121   -0.02512890687704394   0.001836378612310505
 -0.02512890687704394   -0.02512890687704394   0.001836378612310505
 -0.01411581265331863    -0.9717683746933627   0.001632649008182193
  -0.9717683746933627   -0.01411581265331868   0.001632649008182193
 -0.01411581265331863   -0.01411581265331868   0.001632649008182193
 -0.00550305441556842    -0.9889938911688632   0.001146274511591356
  -0.9889938911688632  -0.005503054415568476   0.001146274511591356
 -0.00550305441556842  -0.005503054415568476   0.001146274511591356
  -0.3982636799854341     0.3980848751294652  0.0001356608774824365
   0.3980848751294652    -0.3982636799854342  0.0001356608774824365
  -0.9998211951440311     0.3980848751294652  0.0001356608774824365
   0.3980848751294652     -0.999821195144031  0.0001356608774824365
   -0.999821195144031    -0.3982636799854342  0.0001356608774824365
  -0.3982636799854341     -0.999821195144031  0.0001356608774824365
  -0.2360326765345171     0.2358466253050392  0.0001479979124806498
   0.2358466253050393    -0.2360326765345171  0.0001479979124806498
  -0.9998139487705222     0.2358466253050392  0.0001479979124806498
   0.2358466253050393    -0.9998139487705222  0.0001479979124806498
  -0.9998139487705222    -0.2360326765345171  0.0001479979124806498
  -0.2360326765345171    -0.9998139487705222  0.0001479979124806498
  -0.1162618513015974     0.1157226896159704  0.0001760853511578102
   0.1157226896159704    -0.1162618513015974  0.0001760853511578102
   -0.999460838314373     0.1157226896159704  0.0001760853511578102
   0.1157226896159704     -0.999460838314373  0.0001760853511578102
   -0.999460838314373    -0.1162618513015974  0.0001760853511578102
  -0.1162618513015974     -0.999460838314373  0.0001760853511578102
  -0.3161694177271575      0.314883964253249  0.0002434976912849074
    0.314883964253249    -0.3161694177271575  0.0002434976912849074
  -0.9987145465260916      0.314883964253249  0.0002434976912849074
    0.314883964253249    -0.9987145465260916  0.0002434976912849074
  -0.9987145465260916    -0.3161694177271575  0.0002434976912849074
  -0.3161694177271575    -0.9987145465260916  0.0002434976912849074
   -0.550125990389529     0.5487109252019866  0.0002620291616711312
   0.5487109252019866     -0.550125990389529  0.0002620291616711312
  -0.9985849348124576     0.5487109252019866  0.0002620291616711312
   0.5487109252019866    -0.9985849348124576  0.0002620291616711312
  -0.9985849348124576     -0.550125990389529  0.0002620291616711312
   -0.550125990389529    -0.9985849348124576  0.0002620291616711312
  -0.9736781065844793     0.9719760097368763  8.427104805537635e-05
   0.9719760097368764    -0.9736781065844793  8.427104805537635e-05
  -0.9982979031523971     0.9719760097368763  8.427104805537635e-05
   0.9719760097368763    -0.9982979031523972  8.427104805537635e-05
  -0.9982979031523971    -0.9736781065844793  8.427104805537635e-05
  -0.9736781065844792    -0.9982979031523972  8.427104805537635e-05
  -0.8421564338525893     0.8404182111409203  0.0002048619355854719
   0.8404182111409204    -0.8421564338525893  0.0002048619355854719
  -0.9982617772883311     0.8404182111409203  0.0002048619355854719
   0.8404182111409204    -0.9982617772883311  0.0002048619355854719
  -0.9982617772883311    -0.8421564338525893  0.0002048619355854719
  -0.8421564338525893    -0.9982617772883311  0.0002048619355854719
  -0.6184894055683303      0.616694841633098  0.0003033934817115173
    0.616694841633098    -0.6184894055683303  0.0003033934817115173
  -0.9982054360647676      0.616694841633098  0.0003033934817115173
    0.616694841633098    -0.9982054360647676  0.0003033934817115173
  -0.9982054360647676    -0.6184894055683303  0.0003033934817115173
  -0.6184894055683303    -0.9982054360647676  0.0003033934817115173
  -0.9212296752438347      0.919379876273215  0.0001576016570437765
    0.919379876273215    -0.9212296752438347  0.0001576016570437765
  -0.9981502010293803      0.919379876273215  0.0001576016570437765
    0.919379876273215    -0.9981502010293803  0.0001576016570437765
  -0.9981502010293803    -0.9212296752438347  0.0001576016570437765
  -0.9212296752438347    -0.9981502010293803  0.0001576016570437765
  -0.4779543812535409     0.4760332143228365   0.000363853301115146
   0.4760332143228365    -0.4779543812535409   0.000363853301115146
  -0.9980788330692956     0.4760332143228365   0.000363853301115146
   0.4760332143228365    -0.9980788330692957   0.000363853301115146
  -0.9980788330692956    -0.4779543812535409   0.000363853301115146
  -0.4779543812535409    -0.9980788330692957   0.000363853301115146
  -0.9509145169678257     0.9489814027471191  0.0001296749871451794
   0.9489814027471191    -0.9509145169678257  0.0001296749871451794
  -0.9980668857792934     0.9489814027471191  0.0001296749871451794
   0.9489814027471191    -0.9980668857792934  0.0001296749871451794
  -0.9980668857792934    -0.9509145169678257  0.0001296749871451794
  -0.9509145169678257    -0.9980668857792934  0.0001296749871451794
  -0.7938974591384038     0.7919499046292036  0.0002539051736714304
   0.7919499046292036    -0.7938974591384038  0.0002539051736714304
  -0.9980524454907997     0.7919499046292036  0.0002539051736714304
   0.7919499046292036    -0.9980524454907997  0.0002539051736714304
  -0.9980524454907997    -0.7938974591384038  0.0002539051736714304
  -0.7938974591384038    -0.9980524454907997  0.0002539051736714304
  -0.7403900059422872     0.7384409596123462  0.0002803901560706608
   0.7384409596123462    -0.7403900059422872  0.0002803901560706608
   -0.998050953670059     0.7384409596123462  0.0002803901560706608
   0.7384409596123462     -0.998050953670059  0.0002803901560706608
   -0.998050953670059    -0.7403900059422872  0.0002803901560706608
  -0.7403900059422872     -0.998050953670059  0.0002803901560706608
 -0.03841609771911014    0.03645191659989888  0.0003790364115065587
  0.03645191659989888   -0.03841609771911014  0.0003790364115065587
  -0.9980358188807887    0.03645191659989888  0.0003790364115065587
  0.03645191659989891    -0.9980358188807887  0.0003790364115065587
  -0.9980358188807887   -0.03841609771911014  0.0003790364115065587
 -0.03841609771911011    -0.9980358188807887  0.0003790364115065587
   -0.681927408435957     0.6799073438639371  0.0003155216377346719
   0.6799073438639371     -0.681927408435957  0.0003155216377346719
  -0.9979799354279801     0.6799073438639371  0.0003155216377346719
   0.6799073438639371    -0.9979799354279801  0.0003155216377346719
  -0.9979799354279801     -0.681927408435957  0.0003155216377346719
   -0.681927408435957    -0.9979799354279801  0.0003155216377346719
  -0.8848776260551776     0.8827292566293897  0.0002179946206631905
   0.8827292566293898    -0.8848776260551776  0.0002179946206631905
  -0.9978516305742122     0.8827292566293897  0.0002179946206631905
   0.8827292566293898    -0.9978516305742122  0.0002179946206631905
  -0.9978516305742122    -0.8848776260551776  0.0002179946206631905
  -0.8848776260551776    -0.9978516305742122  0.0002179946206631905
  -0.9893235805535123     0.9871495797429957  6.777450768201953e-05
   0.9871495797429957    -0.9893235805535123  6.777450768201953e-05
  -0.9978259991894833     0.9871495797429957  6.777450768201953e-05
   0.9871495797429957    -0.9978259991894833  6.777450768201953e-05
  -0.9978259991894833    -0.9893235805535123  6.777450768201953e-05
  -0.9893235805535123    -0.9978259991894833  6.777450768201953e-05
  -0.1755026757491371     0.1720286903094126  0.0005440394434547708
   0.1720286903094126    -0.1755026757491371  0.0005440394434547708
  -0.9965260145602755     0.1720286903094126  0.0005440394434547708
   0.1720286903094126    -0.9965260145602755  0.0005440394434547708
  -0.9965260145602755    -0.1755026757491371  0.0005440394434547708
  -0.1755026757491371    -0.9965260145602755  0.0005440394434547708
  -0.3398509961069316     0.3344438934625129  0.0004825594489224351
   0.3344438934625129    -0.3398509961069316  0.0004825594489224351
  -0.9945928973555813     0.3344438934625129  0.0004825594489224351
   0.3344438934625129    -0.9945928973555813  0.0004825594489224351
  -0.9945928973555813    -0.3398509961069316  0.0004825594489224351
  -0.3398509961069316    -0.9945928973555813  0.0004825594489224351
  -0.4094931868639466     0.4039326443431329  0.0006342018175853788
   0.4039326443431329    -0.4094931868639467  0.0006342018175853788
  -0.9944394574791862     0.4039326443431329  0.0006342018175853788
   0.4039326443431329    -0.9944394574791861  0.0006342018175853788
  -0.9944394574791862    -0.4094931868639467  0.0006342018175853788
  -0.4094931868639466    -0.9944394574791861  0.0006342018175853788
  -0.2568668085811096     0.2503151336153126  0.0008228426029934876
   0.2503151336153126    -0.2568668085811096  0.0008228426029934876
   -0.993448325034203     0.2503151336153126  0.0008228426029934876
   0.2503151336153126     -0.993448325034203  0.0008228426029934876
   -0.993448325034203    -0.2568668085811096  0.0008228426029934876
  -0.2568668085811096     -0.993448325034203  0.0008228426029934876
 -0.09523167833682489    0.08790365062342342  0.0008267225097981526
  0.08790365062342337   -0.09523167833682494  0.0008267225097981526
  -0.9926719722865985    0.08790365062342342  0.0008267225097981526
  0.08790365062342341    -0.9926719722865984  0.0008267225097981526
  -0.9926719722865984   -0.09523167833682494  0.0008267225097981526
  -0.0952316783368249    -0.9926719722865984  0.0008267225097981526
   -0.553638659307391     0.5456307413467409  0.0006623614018632779
   0.5456307413467409     -0.553638659307391  0.0006623614018632779
    -0.99199208203935     0.5456307413467409  0.0006623614018632779
   0.5456307413467409      -0.99199208203935  0.0006623614018632779
    -0.99199208203935     -0.553638659307391  0.0006623614018632779
   -0.553638659307391      -0.99199208203935  0.0006623614018632779
  -0.9727806615179116     0.9637172589904444  0.0002008540716025448
   0.9637172589904444    -0.9727806615179115  0.0002008540716025448
  -0.9909365974725327     0.9637172589904444  0.0002008540716025448
   0.9637172589904444    -0.9909365974725328  0.0002008540716025448
  -0.9909365974725328    -0.9727806615179115  0.0002008540716025448
  -0.9727806615179115    -0.9909365974725328  0.0002008540716025448
  -0.8443834002005859     0.8349989723823312  0.0004844571817666631
   0.8349989723823312    -0.8443834002005859  0.0004844571817666631
  -0.9906155721817453     0.8349989723823312  0.0004844571817666631
   0.8349989723823313    -0.9906155721817452  0.0004844571817666631
  -0.9906155721817453    -0.8443834002005859  0.0004844571817666631
   -0.844383400200586    -0.9906155721817452  0.0004844571817666631
  -0.6210982571262915     0.6116016931400761  0.0007053324777819885
   0.6116016931400761    -0.6210982571262915  0.0007053324777819885
  -0.9905034360137845     0.6116016931400761  0.0007053324777819885
   0.6116016931400761    -0.9905034360137845  0.0007053324777819885
  -0.9905034360137845    -0.6210982571262915  0.0007053324777819885
  -0.6210982571262915    -0.9905034360137845  0.0007053324777819885
  -0.4859383138823786     0.4761576866778424  0.0007318362548221292
   0.4761576866778424    -0.4859383138823786  0.0007318362548221292
  -0.9902193727954638     0.4761576866778424  0.0007318362548221292
   0.4761576866778424    -0.9902193727954637  0.0007318362548221292
  -0.9902193727954638    -0.4859383138823786  0.0007318362548221292
  -0.4859383138823786    -0.9902193727954637  0.0007318362548221292
  -0.9208309433445577     0.9109616930726978  0.0003645166876566181
   0.9109616930726978    -0.9208309433445576  0.0003645166876566181
  -0.9901307497281401     0.9109616930726978  0.0003645166876566181
   0.9109616930726978    -0.9901307497281402  0.0003645166876566181
  -0.9901307497281402    -0.9208309433445576  0.0003645166876566181
  -0.9208309433445576    -0.9901307497281402  0.0003645166876566181
  -0.9498622520222411     0.9398485682574153  0.0002888032628278679
   0.9398485682574154    -0.9498622520222411  0.0002888032628278679
  -0.9899863162351743     0.9398485682574153  0.0002888032628278679
   0.9398485682574154    -0.9899863162351743  0.0002888032628278679
  -0.9899863162351743    -0.9498622520222411  0.0002888032628278679
  -0.9498622520222411    -0.9899863162351743  0.0002888032628278679
   -0.797098611247125     0.7869711735096521  0.0005731608236373206
   0.7869711735096521     -0.797098611247125  0.0005731608236373206
  -0.9898725622625271     0.7869711735096521  0.0005731608236373206
   0.7869711735096521    -0.9898725622625271  0.0005731608236373206
  -0.9898725622625271     -0.797098611247125  0.0005731608236373206
   -0.797098611247125    -0.9898725622625271  0.0005731608236373206
  -0.7435666532510961     0.7332788030768538  0.0006579585686806947
   0.7332788030768538    -0.7435666532510961  0.0006579585686806947
  -0.9897121498257577     0.7332788030768538  0.0006579585686806947
   0.7332788030768538    -0.9897121498257577  0.0006579585686806947
  -0.9897121498257577    -0.7435666532510961  0.0006579585686806947
  -0.7435666532510961    -0.9897121498257577  0.0006579585686806947
  -0.6848107136946689     0.6742182314185454  0.0007318080841607533
   0.6742182314185454    -0.6848107136946688  0.0007318080841607533
  -0.9894075177238765     0.6742182314185454  0.0007318080841607533
   0.6742182314185454    -0.9894075177238766  0.0007318080841607533
  -0.9894075177238766    -0.6848107136946688  0.0007318080841607533
  -0.6848107136946688    -0.9894075177238766  0.0007318080841607533
  -0.8858630246529677     0.8745595260935624  0.0004843681684370656
   0.8745595260935624    -0.8858630246529677  0.0004843681684370656
  -0.9886965014405946     0.8745595260935624  0.0004843681684370656
   0.8745595260935624    -0.9886965014405946  0.0004843681684370656
  -0.9886965014405946    -0.8858630246529677  0.0004843681684370656
  -0.8858630246529677    -0.9886965014405946  0.0004843681684370656
  -0.1767171620123149     0.1627049069047389   0.001160444686442825
    0.162704906904739    -0.1767171620123149   0.001160444686442825
  -0.9859877448924241     0.1627049069047389   0.001160444686442825
    0.162704906904739    -0.9859877448924242   0.001160444686442825
  -0.9859877448924241    -0.1767171620123149   0.001160444686442825
  -0.1767171620123149    -0.9859877448924242   0.001160444686442825
   -0.337201335418683     0.3213445397235679    0.00118796954389134
   0.3213445397235679    -0.3372013354186831    0.00118796954389134
  -0.9841432043048849     0.3213445397235679    0.00118796954389134
   0.3213445397235679    -0.9841432043048849    0.00118796954389134
  -0.9841432043048848    -0.3372013354186831    0.00118796954389134
   -0.337201335418683    -0.9841432043048849    0.00118796954389134
  -0.4190658056566878     0.4020563043419053   0.001044629540614556
   0.4020563043419054    -0.4190658056566878   0.001044629540614556
  -0.9829904986852176     0.4020563043419053   0.001044629540614556
   0.4020563043419053    -0.9829904986852176   0.001044629540614556
  -0.9829904986852176    -0.4190658056566878   0.001044629540614556
  -0.4190658056566878    -0.9829904986852176   0.001044629540614556
  -0.2581066719765215     0.2377742324665157   0.001375869759899625
   0.2377742324665157    -0.2581066719765215   0.001375869759899625
  -0.9796675604899943     0.2377742324665157   0.001375869759899625
   0.2377742324665158    -0.9796675604899943   0.001375869759899625
  -0.9796675604899943    -0.2581066719765215   0.001375869759899625
  -0.2581066719765215    -0.9796675604899943   0.001375869759899625
 -0.09104374994067838    0.07031145477533179   0.001447167742405083
  0.07031145477533179   -0.09104374994067838   0.001447167742405083
  -0.9792677048346534    0.07031145477533179   0.001447167742405083
  0.07031145477533177    -0.9792677048346534   0.001447167742405083
  -0.9792677048346534   -0.09104374994067838   0.001447167742405083
  -0.0910437499406784    -0.9792677048346534   0.001447167742405083
  -0.9718320618095342     0.9506245983089829  0.0002144775379667627
   0.9506245983089829    -0.9718320618095342  0.0002144775379667627
  -0.9787925364994488     0.9506245983089829  0.0002144775379667627
   0.9506245983089829    -0.9787925364994488  0.0002144775379667627
  -0.9787925364994488    -0.9718320618095342  0.0002144775379667627
  -0.9718320618095342    -0.9787925364994488  0.0002144775379667627
  -0.5638131195384961     0.5425782721535877   0.001132820720554162
   0.5425782721535877    -0.5638131195384961   0.001132820720554162
  -0.9787651526150916     0.5425782721535877   0.001132820720554162
   0.5425782721535877    -0.9787651526150916   0.001132820720554162
  -0.9787651526150916    -0.5638131195384961   0.001132820720554162
  -0.5638131195384961    -0.9787651526150916   0.001132820720554162
  -0.4947155942205365      0.472877565568706  0.0009707644240603943
    0.472877565568706    -0.4947155942205365  0.0009707644240603943
  -0.9781619713481696      0.472877565568706  0.0009707644240603943
    0.472877565568706    -0.9781619713481695  0.0009707644240603943
  -0.9781619713481695    -0.4947155942205365  0.0009707644240603943
  -0.4947155942205365    -0.9781619713481695  0.0009707644240603943
  -0.6311861007577826     0.6075706905413246   0.001099697231778218
   0.6075706905413245    -0.6311861007577826   0.001099697231778218
  -0.9763845897835419     0.6075706905413246   0.001099697231778218
   0.6075706905413245    -0.9763845897835419   0.001099697231778218
  -0.9763845897835419    -0.6311861007577826   0.001099697231778218
  -0.6311861007577826    -0.9763845897835419   0.001099697231778218
  -0.8458451524747176     0.8220710374395455  0.0007958022816012172
   0.8220710374395455    -0.8458451524747175  0.0007958022816012172
  -0.9762258849648279     0.8220710374395455  0.0007958022816012172
   0.8220710374395455     -0.976225884964828  0.0007958022816012172
   -0.976225884964828    -0.8458451524747175  0.0007958022816012172
  -0.8458451524747175     -0.976225884964828  0.0007958022816012172
  -0.9513905032711104     0.9275466436031663  0.0004043317917817419
   0.9275466436031663    -0.9513905032711105  0.0004043317917817419
  -0.9761561403320559     0.9275466436031663  0.0004043317917817419
   0.9275466436031663    -0.9761561403320558  0.0004043317917817419
  -0.9761561403320558    -0.9513905032711105  0.0004043317917817419
  -0.9513905032711105    -0.9761561403320558  0.0004043317917817419
    -0.79893837604662     0.7744133477912828  0.0008541514654952705
   0.7744133477912829      -0.79893837604662  0.0008541514654952705
  -0.9754749717446629     0.7744133477912828  0.0008541514654952705
   0.7744133477912828     -0.975474971744663  0.0008541514654952705
  -0.9754749717446629      -0.79893837604662  0.0008541514654952705
  -0.7989383760466199     -0.975474971744663  0.0008541514654952705
  -0.9229574044691968      0.898260159000537  0.0005879449832196714
    0.898260159000537    -0.9229574044691968  0.0005879449832196714
  -0.9753027545313402      0.898260159000537  0.0005879449832196714
    0.898260159000537    -0.9753027545313402  0.0005879449832196714
  -0.9753027545313402    -0.9229574044691968  0.0005879449832196714
  -0.9229574044691968    -0.9753027545313402  0.0005879449832196714
  -0.7482088712943553     0.7229969072857159  0.0009575840883451642
   0.7229969072857159    -0.7482088712943553  0.0009575840883451642
  -0.9747880359913605     0.7229969072857159  0.0009575840883451642
   0.7229969072857159    -0.9747880359913605  0.0009575840883451642
  -0.9747880359913605    -0.7482088712943553  0.0009575840883451642
  -0.7482088712943553    -0.9747880359913605  0.0009575840883451642
  -0.6933819344009139     0.6674148773246333   0.001083864862531594
   0.6674148773246333    -0.6933819344009138   0.001083864862531594
  -0.9740329429237194     0.6674148773246333   0.001083864862531594
   0.6674148773246334    -0.9740329429237194   0.001083864862531594
  -0.9740329429237196    -0.6933819344009138   0.001083864862531594
  -0.6933819344009139    -0.9740329429237194   0.001083864862531594
  -0.8879364992384317     0.8607248435148886  0.0007304192279765236
   0.8607248435148886    -0.8879364992384315  0.0007304192279765236
   -0.972788344276457     0.8607248435148886  0.0007304192279765236
   0.8607248435148886    -0.9727883442764571  0.0007304192279765236
  -0.9727883442764571    -0.8879364992384315  0.0007304192279765236
  -0.8879364992384315    -0.9727883442764571  0.0007304192279765236
  -0.1744301712643046     0.1432278378268257   0.001679771685371075
   0.1432278378268257    -0.1744301712643046   0.001679771685371075
  -0.9687976665625211     0.1432278378268257   0.001679771685371075
   0.1432278378268257    -0.9687976665625211   0.001679771685371075
  -0.9687976665625211    -0.1744301712643046   0.001679771685371075
  -0.1744301712643046    -0.9687976665625211   0.001679771685371075
  -0.4074700930168926     0.3759749136110446   0.001265591652580296
   0.3759749136110446    -0.4074700930168926   0.001265591652580296
   -0.968504820594152     0.3759749136110446   0.001265591652580296
   0.3759749136110446     -0.968504820594152   0.001265591652580296
   -0.968504820594152    -0.4074700930168926   0.001265591652580296
  -0.4074700930168926     -0.968504820594152   0.001265591652580296
  -0.3348952253899491     0.2997678226392813   0.001771193708713852
   0.2997678226392813    -0.3348952253899491   0.001771193708713852
  -0.9648725972493322     0.2997678226392813   0.001771193708713852
   0.2997678226392813    -0.9648725972493322   0.001771193708713852
  -0.9648725972493322    -0.3348952253899491   0.001771193708713852
  -0.3348952253899491    -0.9648725972493322   0.001771193708713852
  -0.4845761830268009     0.4477424191072845   0.001386899989006461
   0.4477424191072845    -0.4845761830268009   0.001386899989006461
  -0.9631662360804836     0.4477424191072845   0.001386899989006461
   0.4477424191072845    -0.9631662360804836   0.001386899989006461
  -0.9631662360804836    -0.4845761830268009   0.001386899989006461
  -0.4845761830268009    -0.9631662360804836   0.001386899989006461
  -0.9565814714517459     0.9169904739943566  0.0002408100637933622
   0.9169904739943566    -0.9565814714517458  0.0002408100637933622
  -0.9604090025426107     0.9169904739943566  0.0002408100637933622
   0.9169904739943566    -0.9604090025426109  0.0002408100637933622
  -0.9604090025426109    -0.9565814714517458  0.0002408100637933622
  -0.9565814714517458    -0.9604090025426109  0.0002408100637933622
  -0.2542802187291638     0.2140706304302853    0.00179841487025127
   0.2140706304302853    -0.2542802187291638    0.00179841487025127
  -0.9597904117011216     0.2140706304302853    0.00179841487025127
   0.2140706304302853    -0.9597904117011216    0.00179841487025127
  -0.9597904117011216    -0.2542802187291638    0.00179841487025127
  -0.2542802187291638    -0.9597904117011216    0.00179841487025127
  -0.5591560991293121     0.5185426817810073   0.001531268349986969
   0.5185426817810073    -0.5591560991293121   0.001531268349986969
  -0.9593865826516952     0.5185426817810073   0.001531268349986969
   0.5185426817810073    -0.9593865826516952   0.001531268349986969
  -0.9593865826516952    -0.5591560991293121   0.001531268349986969
  -0.5591560991293121    -0.9593865826516952   0.001531268349986969
  -0.1015029855197533    0.05900023712971642   0.002012787317941593
  0.05900023712971642    -0.1015029855197533   0.002012787317941593
  -0.9574972516099631    0.05900023712971642   0.002012787317941593
  0.05900023712971644    -0.9574972516099631   0.002012787317941593
  -0.9574972516099631    -0.1015029855197533   0.002012787317941593
  -0.1015029855197533    -0.9574972516099631   0.002012787317941593
  -0.6224364098970707     0.5791423395222981   0.001334256435787341
   0.5791423395222981    -0.6224364098970707   0.001334256435787341
  -0.9567059296252274     0.5791423395222981   0.001334256435787341
   0.5791423395222981    -0.9567059296252274   0.001334256435787341
  -0.9567059296252274    -0.6224364098970707   0.001334256435787341
  -0.6224364098970707    -0.9567059296252274   0.001334256435787341
  -0.8114106504186864     0.7666101246552779   0.001148982533767621
   0.7666101246552779    -0.8114106504186864   0.001148982533767621
  -0.9551994742365915     0.7666101246552779   0.001148982533767621
   0.7666101246552779    -0.9551994742365915   0.001148982533767621
  -0.9551994742365915    -0.8114106504186864   0.001148982533767621
  -0.8114106504186864    -0.9551994742365915   0.001148982533767621
  -0.6686281950512067     0.6236911618034248   0.000779197503299903
   0.6236911618034249    -0.6686281950512067   0.000779197503299903
  -0.9550629667522181     0.6236911618034248   0.000779197503299903
   0.6236911618034249    -0.9550629667522181   0.000779197503299903
  -0.9550629667522181    -0.6686281950512067   0.000779197503299903
  -0.6686281950512067    -0.9550629667522181   0.000779197503299903
  -0.8566157328814076      0.811399766306129   0.001026620692102637
    0.811399766306129    -0.8566157328814077   0.001026620692102637
  -0.9547840334247214      0.811399766306129   0.001026620692102637
    0.811399766306129    -0.9547840334247213   0.001026620692102637
  -0.9547840334247213    -0.8566157328814077   0.001026620692102637
  -0.8566157328814077    -0.9547840334247213   0.001026620692102637
  -0.9327429444656458     0.8866983993298392  0.0007121823328320785
   0.8866983993298392    -0.9327429444656457  0.0007121823328320785
  -0.9539554548641934     0.8866983993298392  0.0007121823328320785
   0.8866983993298392    -0.9539554548641935  0.0007121823328320785
  -0.9539554548641935    -0.9327429444656457  0.0007121823328320785
  -0.9327429444656457    -0.9539554548641935  0.0007121823328320785
  -0.7596076132479458     0.7134723458421455   0.001299130180119842
   0.7134723458421455    -0.7596076132479457   0.001299130180119842
  -0.9538647325941997     0.7134723458421455   0.001299130180119842
   0.7134723458421455    -0.9538647325941998   0.001299130180119842
  -0.9538647325941998    -0.7596076132479457   0.001299130180119842
  -0.7596076132479457    -0.9538647325941998   0.001299130180119842
  -0.9025572435928764     0.8549393330468742  0.0007539005994700182
   0.8549393330468742    -0.9025572435928764  0.0007539005994700182
  -0.9523820894539978     0.8549393330468742  0.0007539005994700182
   0.8549393330468742    -0.9523820894539978  0.0007539005994700182
  -0.9523820894539978    -0.9025572435928764  0.0007539005994700182
  -0.9025572435928764    -0.9523820894539978  0.0007539005994700182
  -0.7077858945998746     0.6590840568756029   0.001255421512964005
   0.6590840568756029    -0.7077858945998745   0.001255421512964005
  -0.9512981622757283     0.6590840568756029   0.001255421512964005
   0.6590840568756029    -0.9512981622757284   0.001255421512964005
  -0.9512981622757284    -0.7077858945998745   0.001255421512964005
  -0.7077858945998745    -0.9512981622757284   0.001255421512964005
  -0.4285225966732943     0.3783779024228319   0.001435337968162203
   0.3783779024228319    -0.4285225966732943   0.001435337968162203
  -0.9498553057495376     0.3783779024228319   0.001435337968162203
   0.3783779024228319    -0.9498553057495376   0.001435337968162203
  -0.9498553057495376    -0.4285225966732943   0.001435337968162203
  -0.4285225966732943    -0.9498553057495376   0.001435337968162203
  -0.1877693827004705     0.1313179583718247   0.002208609285890853
   0.1313179583718247    -0.1877693827004705   0.002208609285890853
  -0.9435485756713542     0.1313179583718247   0.002208609285890853
   0.1313179583718247    -0.9435485756713542   0.002208609285890853
  -0.9435485756713542    -0.1877693827004705   0.002208609285890853
  -0.1877693827004705    -0.9435485756713542   0.002208609285890853
  -0.8853185056763918     0.8271368775999279  0.0004961536494637221
   0.8271368775999279    -0.8853185056763917  0.0004961536494637221
  -0.9418183719235361     0.8271368775999279  0.0004961536494637221
   0.8271368775999279    -0.9418183719235362  0.0004961536494637221
  -0.9418183719235362    -0.8853185056763917  0.0004961536494637221
  -0.8853185056763917    -0.9418183719235362  0.0004961536494637221
   -0.368083482503097     0.3079432645883258   0.001963614019869273
   0.3079432645883258     -0.368083482503097   0.001963614019869273
  -0.9398597820852288     0.3079432645883258   0.001963614019869273
   0.3079432645883258    -0.9398597820852288   0.001963614019869273
  -0.9398597820852288     -0.368083482503097   0.001963614019869273
   -0.368083482503097    -0.9398597820852288   0.001963614019869273
  -0.5135998903805075     0.4533553016445382   0.001876082224275839
   0.4533553016445382    -0.5135998903805075   0.001876082224275839
  -0.9397554112640307     0.4533553016445382   0.001876082224275839
   0.4533553016445382    -0.9397554112640307   0.001876082224275839
  -0.9397554112640307    -0.5135998903805075   0.001876082224275839
  -0.5135998903805075    -0.9397554112640307   0.001876082224275839
  -0.3005888358191385     0.2395187502583786   0.001761303287596323
   0.2395187502583787    -0.3005888358191384   0.001761303287596323
  -0.9389299144392402     0.2395187502583786   0.001761303287596323
   0.2395187502583786    -0.9389299144392402   0.001761303287596323
  -0.9389299144392402    -0.3005888358191384   0.001761303287596323
  -0.3005888358191385    -0.9389299144392402   0.001761303287596323
  -0.5861947331007291     0.5182623932586357   0.001970963109791688
   0.5182623932586357    -0.5861947331007291   0.001970963109791688
  -0.9320676601579065     0.5182623932586357   0.001970963109791688
   0.5182623932586357    -0.9320676601579065   0.001970963109791688
  -0.9320676601579065    -0.5861947331007291   0.001970963109791688
  -0.5861947331007291    -0.9320676601579065   0.001970963109791688
   -0.453588076429281     0.3856065646917263   0.001220232557227853
   0.3856065646917263     -0.453588076429281   0.001220232557227853
  -0.9320184882624454     0.3856065646917263   0.001220232557227853
   0.3856065646917263    -0.9320184882624454   0.001220232557227853
  -0.9320184882624454     -0.453588076429281   0.001220232557227853
   -0.453588076429281    -0.9320184882624454   0.001220232557227853
  -0.6515053172428997     0.5814084680224405   0.001778022150239835
   0.5814084680224405    -0.6515053172428997   0.001778022150239835
  -0.9299031507795408     0.5814084680224405   0.001778022150239835
   0.5814084680224405    -0.9299031507795408   0.001778022150239835
  -0.9299031507795408    -0.6515053172428997   0.001778022150239835
  -0.6515053172428997    -0.9299031507795408   0.001778022150239835
  -0.4209277046237124     0.3505400132144381  1.079965002561731e-06
   0.3505400132144381    -0.4209277046237124  1.079965002561731e-06
  -0.9296123085907256     0.3505400132144381  1.079965002561731e-06
   0.3505400132144381    -0.9296123085907256  1.079965002561731e-06
  -0.9296123085907257    -0.4209277046237124  1.079965002561731e-06
  -0.4209277046237124    -0.9296123085907256  1.079965002561731e-06
  -0.1152633270848187    0.04476903877078059    0.00242468403561061
  0.04476903877078059    -0.1152633270848187    0.00242468403561061
   -0.929505711685962    0.04476903877078059    0.00242468403561061
   0.0447690387707806     -0.929505711685962    0.00242468403561061
   -0.929505711685962    -0.1152633270848187    0.00242468403561061
  -0.1152633270848187     -0.929505711685962    0.00242468403561061
  -0.8019597744014073     0.7311260914476945   0.001322541384062756
   0.7311260914476945    -0.8019597744014073   0.001322541384062756
  -0.9291663170462872     0.7311260914476945   0.001322541384062756
   0.7311260914476945    -0.9291663170462872   0.001322541384062756
  -0.9291663170462872    -0.8019597744014073   0.001322541384062756
  -0.8019597744014073    -0.9291663170462872   0.001322541384062756
  -0.2524698798550209     0.1798525928866802   0.001768699589232015
   0.1798525928866802     -0.252469879855021   0.001768699589232015
  -0.9273827130316592     0.1798525928866802   0.001768699589232015
   0.1798525928866802    -0.9273827130316592   0.001768699589232015
  -0.9273827130316592     -0.252469879855021   0.001768699589232015
  -0.2524698798550209    -0.9273827130316592   0.001768699589232015
  -0.8464751520047528     0.7731187493613696   0.001358027847954278
   0.7731187493613696    -0.8464751520047529   0.001358027847954278
  -0.9266435973566168     0.7731187493613696   0.001358027847954278
   0.7731187493613695    -0.9266435973566168   0.001358027847954278
  -0.9266435973566167    -0.8464751520047529   0.001358027847954278
  -0.8464751520047528    -0.9266435973566168   0.001358027847954278
  -0.7554557561450947     0.6808300230159383   0.001494098344006084
   0.6808300230159383    -0.7554557561450947   0.001494098344006084
  -0.9253742668708436     0.6808300230159383   0.001494098344006084
   0.6808300230159383    -0.9253742668708436   0.001494098344006084
  -0.9253742668708436    -0.7554557561450947   0.001494098344006084
  -0.7554557561450947    -0.9253742668708436   0.001494098344006084
  -0.9241292635089737     0.8485187737381146  0.0005428169202748903
   0.8485187737381146    -0.9241292635089737  0.0005428169202748903
  -0.9243895102291408     0.8485187737381146  0.0005428169202748903
   0.8485187737381146    -0.9243895102291408  0.0005428169202748903
  -0.9243895102291408    -0.9241292635089737  0.0005428169202748903
  -0.9241292635089737    -0.9243895102291408  0.0005428169202748903
  -0.7074804780833108     0.6306036994602372   0.001541229482657428
   0.6306036994602371    -0.7074804780833108   0.001541229482657428
  -0.9231232213769263     0.6306036994602372   0.001541229482657428
   0.6306036994602372    -0.9231232213769262   0.001541229482657428
  -0.9231232213769263    -0.7074804780833108   0.001541229482657428
  -0.7074804780833109    -0.9231232213769262   0.001541229482657428
   -0.888142291619354     0.8068067428183173   0.001169570469107764
   0.8068067428183174     -0.888142291619354   0.001169570469107764
  -0.9186644511989634     0.8068067428183173   0.001169570469107764
   0.8068067428183174    -0.9186644511989634   0.001169570469107764
  -0.9186644511989634     -0.888142291619354   0.001169570469107764
   -0.888142291619354    -0.9186644511989634   0.001169570469107764
  -0.4107060257782827     0.3228657774558347   0.002151460807052388
   0.3228657774558348    -0.4107060257782826   0.002151460807052388
  -0.9121597516775521     0.3228657774558347   0.002151460807052388
   0.3228657774558347    -0.9121597516775521   0.002151460807052388
  -0.9121597516775521    -0.4107060257782826   0.002151460807052388
  -0.4107060257782827    -0.9121597516775521   0.002151460807052388
  -0.4835862298284554     0.3954268129330025   0.001397726307215487
   0.3954268129330025    -0.4835862298284554   0.001397726307215487
  -0.9118405831045471     0.3954268129330025   0.001397726307215487
   0.3954268129330025    -0.9118405831045471   0.001397726307215487
  -0.9118405831045471    -0.4835862298284554   0.001397726307215487
  -0.4835862298284554    -0.9118405831045471   0.001397726307215487
  -0.1887365778257097    0.09997695602559431   0.002238294163885139
  0.09997695602559431    -0.1887365778257097   0.002238294163885139
  -0.9112403781998846    0.09997695602559431   0.002238294163885139
  0.09997695602559428    -0.9112403781998846   0.002238294163885139
  -0.9112403781998846    -0.1887365778257097   0.002238294163885139
  -0.1887365778257098    -0.9112403781998846   0.002238294163885139
   -0.546503829887854     0.4544772222073398   0.002151763798515414
   0.4544772222073399     -0.546503829887854   0.002151763798515414
  -0.9079733923194859     0.4544772222073398   0.002151763798515414
   0.4544772222073398    -0.9079733923194859   0.002151763798515414
  -0.9079733923194859     -0.546503829887854   0.002151763798515414
   -0.546503829887854    -0.9079733923194859   0.002151763798515414
     -0.3399793743345     0.2473125303539246   0.002652768957556375
   0.2473125303539245    -0.3399793743345001   0.002652768957556375
  -0.9073331560194244     0.2473125303539246   0.002652768957556375
   0.2473125303539246    -0.9073331560194244   0.002652768957556375
  -0.9073331560194244    -0.3399793743345001   0.002652768957556375
     -0.3399793743345    -0.9073331560194244   0.002652768957556375
  -0.4726995312720285     0.3735564261508424  0.0006926092423841813
   0.3735564261508424    -0.4726995312720284  0.0006926092423841813
  -0.9008568948788139     0.3735564261508424  0.0006926092423841813
   0.3735564261508424    -0.9008568948788139  0.0006926092423841813
   -0.900856894878814    -0.4726995312720284  0.0006926092423841813
  -0.4726995312720285    -0.9008568948788139  0.0006926092423841813
  -0.6241125998804613      0.523334171167545   0.002330409538811281
   0.5233341711675449    -0.6241125998804614   0.002330409538811281
  -0.8992215712870837      0.523334171167545   0.002330409538811281
    0.523334171167545    -0.8992215712870837   0.002330409538811281
  -0.8992215712870836    -0.6241125998804614   0.002330409538811281
  -0.6241125998804613    -0.8992215712870837   0.002330409538811281
  -0.2685548476104145     0.1669230532523691   0.002442502537214749
   0.1669230532523691    -0.2685548476104145   0.002442502537214749
  -0.8983682056419546     0.1669230532523691   0.002442502537214749
   0.1669230532523691    -0.8983682056419546   0.002442502537214749
  -0.8983682056419546    -0.2685548476104145   0.002442502537214749
  -0.2685548476104145    -0.8983682056419546   0.002442502537214749
  -0.8011230418566226     0.6980408229980033   0.001706669021426279
   0.6980408229980033    -0.8011230418566226   0.001706669021426279
  -0.8969177811413807     0.6980408229980033   0.001706669021426279
   0.6980408229980033    -0.8969177811413807   0.001706669021426279
  -0.8969177811413807    -0.8011230418566226   0.001706669021426279
  -0.8011230418566226    -0.8969177811413807   0.001706669021426279
  -0.1127831219701836   0.008003885425214796   0.002649010546228675
 0.008003885425214796    -0.1127831219701835   0.002649010546228675
  -0.8952207634550313   0.008003885425214796   0.002649010546228675
 0.008003885425214796    -0.8952207634550313   0.002649010546228675
  -0.8952207634550313    -0.1127831219701835   0.002649010546228675
  -0.1127831219701836    -0.8952207634550313   0.002649010546228675
  -0.6867044740741325     0.5811709446231084   0.002024160566849597
   0.5811709446231084    -0.6867044740741326   0.002024160566849597
  -0.8944664705489759     0.5811709446231084   0.002024160566849597
   0.5811709446231084    -0.8944664705489758   0.002024160566849597
  -0.8944664705489758    -0.6867044740741326   0.002024160566849597
  -0.6867044740741326    -0.8944664705489758   0.002024160566849597
  -0.8469249504029271     0.7391902770635297   0.001596536396231081
   0.7391902770635297     -0.846924950402927   0.001596536396231081
  -0.8922653266606025     0.7391902770635297   0.001596536396231081
   0.7391902770635297    -0.8922653266606027   0.001596536396231081
  -0.8922653266606027     -0.846924950402927   0.001596536396231081
   -0.846924950402927    -0.8922653266606027   0.001596536396231081
  -0.7496926978898077     0.6393151280862885   0.002158736992282041
   0.6393151280862885    -0.7496926978898077   0.002158736992282041
  -0.8896224301964808     0.6393151280862885   0.002158736992282041
   0.6393151280862885    -0.8896224301964808   0.002158736992282041
  -0.8896224301964808    -0.7496926978898077   0.002158736992282041
  -0.7496926978898077    -0.8896224301964808   0.002158736992282041
  -0.1896301037561843    0.07677982449004811    0.00161820863487522
  0.07677982449004811    -0.1896301037561843    0.00161820863487522
  -0.8871497207338639    0.07677982449004811    0.00161820863487522
  0.07677982449004814    -0.8871497207338639    0.00161820863487522
  -0.8871497207338639    -0.1896301037561843    0.00161820863487522
  -0.1896301037561843    -0.8871497207338639    0.00161820863487522
  -0.5751191164474603     0.4548334490933821   0.001795673067919668
   0.4548334490933821    -0.5751191164474603   0.001795673067919668
  -0.8797143326459218     0.4548334490933821   0.001795673067919668
   0.4548334490933821    -0.8797143326459218   0.001795673067919668
  -0.8797143326459218    -0.5751191164474603   0.001795673067919668
  -0.5751191164474603    -0.8797143326459218   0.001795673067919668
  -0.4209377035451738     0.2978771204529435     0.0029021195948868
   0.2978771204529436    -0.4209377035451738     0.0029021195948868
  -0.8769394169077698     0.2978771204529435     0.0029021195948868
   0.2978771204529435    -0.8769394169077698     0.0029021195948868
  -0.8769394169077698    -0.4209377035451738     0.0029021195948868
  -0.4209377035451738    -0.8769394169077698     0.0029021195948868
  -0.4999258105316425     0.3750884060159407   0.002759891774187851
   0.3750884060159407    -0.4999258105316426   0.002759891774187851
  -0.8751625954842982     0.3750884060159407   0.002759891774187851
   0.3750884060159407    -0.8751625954842982   0.002759891774187851
  -0.8751625954842981    -0.4999258105316426   0.002759891774187851
  -0.4999258105316425    -0.8751625954842982   0.002759891774187851
  -0.3476247224553457     0.2160633051949781   0.003145168508714612
   0.2160633051949781    -0.3476247224553457   0.003145168508714612
  -0.8684385827396324     0.2160633051949781   0.003145168508714612
   0.2160633051949781    -0.8684385827396324   0.003145168508714612
  -0.8684385827396324    -0.3476247224553457   0.003145168508714612
  -0.3476247224553457    -0.8684385827396324   0.003145168508714612
  -0.2691254229272504     0.1327038213871311   0.003012066295712145
    0.132703821387131    -0.2691254229272504   0.003012066295712145
  -0.8635783984598806     0.1327038213871311   0.003012066295712145
   0.1327038213871311    -0.8635783984598806   0.003012066295712145
  -0.8635783984598806    -0.2691254229272504   0.003012066295712145
  -0.2691254229272504    -0.8635783984598806   0.003012066295712145
  -0.1932290789333548    0.05457773395896215   0.002386042260959244
  0.05457773395896215    -0.1932290789333548   0.002386042260959244
  -0.8613486550256073    0.05457773395896215   0.002386042260959244
  0.05457773395896216    -0.8613486550256073   0.002386042260959244
  -0.8613486550256073    -0.1932290789333548   0.002386042260959244
  -0.1932290789333548    -0.8613486550256073   0.002386042260959244
  -0.7049107253616536     0.5661540194156156   0.001959173903562133
   0.5661540194156156    -0.7049107253616536   0.001959173903562133
   -0.861243294053962     0.5661540194156156   0.001959173903562133
   0.5661540194156156     -0.861243294053962   0.001959173903562133
   -0.861243294053962    -0.7049107253616536   0.001959173903562133
  -0.7049107253616536     -0.861243294053962   0.001959173903562133
  -0.8051328228614332     0.6639100949678973   0.001976403394430234
   0.6639100949678973    -0.8051328228614332   0.001976403394430234
  -0.8587772721064642     0.6639100949678973   0.001976403394430234
   0.6639100949678973    -0.8587772721064642   0.001976403394430234
  -0.8587772721064642    -0.8051328228614332   0.001976403394430234
  -0.8051328228614332    -0.8587772721064642   0.001976403394430234
  -0.6438645828656833     0.5020957711226437     0.0027362853553077
   0.5020957711226437    -0.6438645828656833     0.0027362853553077
  -0.8582311882569604     0.5020957711226437     0.0027362853553077
   0.5020957711226437    -0.8582311882569604     0.0027362853553077
  -0.8582311882569604    -0.6438645828656833     0.0027362853553077
  -0.6438645828656833    -0.8582311882569604     0.0027362853553077
  -0.1327590836003745   -0.01288708633474522   0.002559144175208309
 -0.01288708633474522    -0.1327590836003745   0.002559144175208309
  -0.8543538300648803   -0.01288708633474522   0.002559144175208309
 -0.01288708633474522    -0.8543538300648803   0.002559144175208309
  -0.8543538300648803    -0.1327590836003745   0.002559144175208309
  -0.1327590836003745    -0.8543538300648803   0.002559144175208309
  -0.5726808985969483      0.424332705969011   0.002355754933109334
    0.424332705969011    -0.5726808985969483   0.002355754933109334
  -0.8516518073720627      0.424332705969011   0.002355754933109334
    0.424332705969011    -0.8516518073720626   0.002355754933109334
  -0.8516518073720627    -0.5726808985969483   0.002355754933109334
  -0.5726808985969483    -0.8516518073720626   0.002355754933109334
  -0.7587270885882889      0.605440284502774   0.002286252374026143
    0.605440284502774    -0.7587270885882889   0.002286252374026143
  -0.8467131959144851      0.605440284502774   0.002286252374026143
    0.605440284502774    -0.8467131959144851   0.002286252374026143
  -0.8467131959144851    -0.7587270885882889   0.002286252374026143
  -0.7587270885882889    -0.8467131959144851   0.002286252374026143
  -0.4505510068267028     0.2885348678180638   0.002811298901973167
   0.2885348678180638    -0.4505510068267028   0.002811298901973167
  -0.8379838609913608     0.2885348678180638   0.002811298901973167
   0.2885348678180638    -0.8379838609913608   0.002811298901973167
  -0.8379838609913609    -0.4505510068267028   0.002811298901973167
  -0.4505510068267028    -0.8379838609913608   0.002811298901973167
  -0.5149315535282587      0.348998718835428   0.002619286777910059
   0.3489987188354279    -0.5149315535282588   0.002619286777910059
  -0.8340671653071693      0.348998718835428   0.002619286777910059
    0.348998718835428    -0.8340671653071693   0.002619286777910059
  -0.8340671653071692    -0.5149315535282588   0.002619286777910059
  -0.5149315535282587    -0.8340671653071693   0.002619286777910059
  -0.3879128292126458     0.2171223774933972   0.002915023796252605
   0.2171223774933972    -0.3879128292126459   0.002915023796252605
  -0.8292095482807514     0.2171223774933972   0.002915023796252605
   0.2171223774933972    -0.8292095482807514   0.002915023796252605
  -0.8292095482807513    -0.3879128292126459   0.002915023796252605
  -0.3879128292126458    -0.8292095482807514   0.002915023796252605
  -0.3175310748040758     0.1409612087448963   0.003468508638256901
   0.1409612087448963    -0.3175310748040758   0.003468508638256901
  -0.8234301339408205     0.1409612087448963   0.003468508638256901
   0.1409612087448963    -0.8234301339408207   0.003468508638256901
  -0.8234301339408205    -0.3175310748040758   0.003468508638256901
  -0.3175310748040758    -0.8234301339408207   0.003468508638256901
  -0.7026798770305773     0.5257231643457264   0.002487308528598571
   0.5257231643457265    -0.7026798770305773   0.002487308528598571
  -0.8230432873151492     0.5257231643457264   0.002487308528598571
   0.5257231643457265    -0.8230432873151492   0.002487308528598571
  -0.8230432873151492    -0.7026798770305773   0.002487308528598571
  -0.7026798770305773    -0.8230432873151492   0.002487308528598571
  -0.2371066983546261     0.0598207115388672   0.003434716868313769
   0.0598207115388672    -0.2371066983546262   0.003434716868313769
   -0.822714013184241     0.0598207115388672   0.003434716868313769
  0.05982071153886719     -0.822714013184241   0.003434716868313769
   -0.822714013184241    -0.2371066983546262   0.003434716868313769
  -0.2371066983546261     -0.822714013184241   0.003434716868313769
  -0.6309705149372098      0.448874304832459   0.002639557128545631
    0.448874304832459    -0.6309705149372098   0.002639557128545631
  -0.8179037898952493      0.448874304832459   0.002639557128545631
    0.448874304832459    -0.8179037898952493   0.002639557128545631
  -0.8179037898952493    -0.6309705149372098   0.002639557128545631
  -0.6309705149372098    -0.8179037898952493   0.002639557128545631
  -0.1678020908280032   -0.01902456281166259    0.00332857298664321
 -0.01902456281166259    -0.1678020908280032    0.00332857298664321
  -0.8131733463603341   -0.01902456281166259    0.00332857298664321
 -0.01902456281166262    -0.8131733463603341    0.00332857298664321
  -0.8131733463603341    -0.1678020908280032    0.00332857298664321
  -0.1678020908280032    -0.8131733463603341    0.00332857298664321
  -0.5753645391945705     0.3828150834263229   0.002764543348073389
   0.3828150834263229    -0.5753645391945705   0.002764543348073389
  -0.8074505442317523     0.3828150834263229   0.002764543348073389
   0.3828150834263229    -0.8074505442317523   0.002764543348073389
  -0.8074505442317523    -0.5753645391945705   0.002764543348073389
  -0.5753645391945705    -0.8074505442317523   0.002764543348073389
  -0.7591320913703425     0.5597564805761943   0.002599636892775346
   0.5597564805761943    -0.7591320913703425   0.002599636892775346
  -0.8006243892058518     0.5597564805761943   0.002599636892775346
   0.5597564805761943    -0.8006243892058518   0.002599636892775346
  -0.8006243892058518    -0.7591320913703425   0.002599636892775346
  -0.7591320913703425    -0.8006243892058518   0.002599636892775346
  -0.5058012876941849     0.2980943258051797   0.002815015594135794
   0.2980943258051796    -0.5058012876941849   0.002815015594135794
  -0.7922930381109947     0.2980943258051797   0.002815015594135794
   0.2980943258051796    -0.7922930381109947   0.002815015594135794
  -0.7922930381109947    -0.5058012876941849   0.002815015594135794
  -0.5058012876941849    -0.7922930381109947   0.002815015594135794
    -0.44050250013952     0.2324545584847777   0.002769616474126866
   0.2324545584847777      -0.44050250013952   0.002769616474126866
  -0.7919520583452577     0.2324545584847777   0.002769616474126866
   0.2324545584847777    -0.7919520583452577   0.002769616474126866
  -0.7919520583452577      -0.44050250013952   0.002769616474126866
    -0.44050250013952    -0.7919520583452577   0.002769616474126866
  -0.6777097226903486     0.4681321469387457   0.002249652818940922
   0.4681321469387458    -0.6777097226903486   0.002249652818940922
  -0.7904224242483973     0.4681321469387457   0.002249652818940922
   0.4681321469387458    -0.7904224242483973   0.002249652818940922
  -0.7904224242483973    -0.6777097226903486   0.002249652818940922
  -0.6777097226903486    -0.7904224242483973   0.002249652818940922
  -0.3774022856615136     0.1575888847404995   0.003473421465531273
   0.1575888847404995    -0.3774022856615135   0.003473421465531273
   -0.780186599078986     0.1575888847404995   0.003473421465531273
   0.1575888847404995     -0.780186599078986   0.003473421465531273
   -0.780186599078986    -0.3774022856615135   0.003473421465531273
  -0.3774022856615136     -0.780186599078986   0.003473421465531273
   -0.293204769388133    0.07255051177008165   0.003488729570301408
  0.07255051177008165    -0.2932047693881331   0.003488729570301408
  -0.7793457423819485    0.07255051177008165   0.003488729570301408
  0.07255051177008165    -0.7793457423819485   0.003488729570301408
  -0.7793457423819485    -0.2932047693881331   0.003488729570301408
   -0.293204769388133    -0.7793457423819485   0.003488729570301408
  -0.2265699590409642  -0.004362128397669585   0.003729826226689031
-0.004362128397669585    -0.2265699590409642   0.003729826226689031
  -0.7690679125613662  -0.004362128397669585   0.003729826226689031
-0.004362128397669557    -0.7690679125613662   0.003729826226689031
  -0.7690679125613662    -0.2265699590409642   0.003729826226689031
  -0.2265699590409642    -0.7690679125613662   0.003729826226689031
   -0.729145296248655     0.4946518614875388    0.00251121472749896
   0.4946518614875388    -0.7291452962486549    0.00251121472749896
  -0.7655065652388838     0.4946518614875388    0.00251121472749896
   0.4946518614875388    -0.7655065652388839    0.00251121472749896
  -0.7655065652388839    -0.7291452962486549    0.00251121472749896
  -0.7291452962486549    -0.7655065652388839    0.00251121472749896
  -0.5620851000703238     0.3260620417132736   0.002933375996475623
   0.3260620417132736    -0.5620851000703238   0.002933375996475623
  -0.7639769416429498     0.3260620417132736   0.002933375996475623
   0.3260620417132736    -0.7639769416429498   0.002933375996475623
  -0.7639769416429498    -0.5620851000703238   0.002933375996475623
  -0.5620851000703238    -0.7639769416429498   0.002933375996475623
   -0.158075818941558    -0.0791637627849433   0.003469005873532911
 -0.07916376278494325    -0.1580758189415581   0.003469005873532911
  -0.7627604182734986    -0.0791637627849433   0.003469005873532911
 -0.07916376278494326    -0.7627604182734986   0.003469005873532911
  -0.7627604182734986    -0.1580758189415581   0.003469005873532911
   -0.158075818941558    -0.7627604182734986   0.003469005873532911
  -0.6286353549219215     0.3911865194249504    0.00336512023834015
   0.3911865194249504    -0.6286353549219215    0.00336512023834015
   -0.762551164503029     0.3911865194249504    0.00336512023834015
   0.3911865194249504     -0.762551164503029    0.00336512023834015
   -0.762551164503029    -0.6286353549219215    0.00336512023834015
  -0.6286353549219215     -0.762551164503029    0.00336512023834015
     -0.4791158471771     0.2410997731211206   0.001581902382575286
   0.2410997731211206       -0.4791158471771   0.001581902382575286
  -0.7619839259440206     0.2410997731211206   0.001581902382575286
   0.2410997731211206    -0.7619839259440206   0.001581902382575286
  -0.7619839259440206       -0.4791158471771   0.001581902382575286
     -0.4791158471771    -0.7619839259440206   0.001581902382575286
  -0.3474023130839883    0.09654745083374772   0.002221790455795727
  0.09654745083374772    -0.3474023130839882   0.002221790455795727
  -0.7491451377497595    0.09654745083374772   0.002221790455795727
  0.09654745083374772    -0.7491451377497595   0.002221790455795727
  -0.7491451377497595    -0.3474023130839882   0.002221790455795727
  -0.3474023130839883    -0.7491451377497595   0.002221790455795727
  -0.6863237108527307     0.4277673019508641   0.002330026524448272
   0.4277673019508641    -0.6863237108527307   0.002330026524448272
  -0.7414435910981334     0.4277673019508641   0.002330026524448272
   0.4277673019508641    -0.7414435910981334   0.002330026524448272
  -0.7414435910981334    -0.6863237108527307   0.002330026524448272
  -0.6863237108527307    -0.7414435910981334   0.002330026524448272
  -0.4385543397521471     0.1745503679355802   0.003655374917894542
   0.1745503679355802    -0.4385543397521471   0.003655374917894542
   -0.735996028183433     0.1745503679355802   0.003655374917894542
   0.1745503679355802     -0.735996028183433   0.003655374917894542
   -0.735996028183433    -0.4385543397521471   0.003655374917894542
  -0.4385543397521471     -0.735996028183433   0.003655374917894542
  -0.5192738910642053     0.2458721685261831   0.003708877604314062
   0.2458721685261832    -0.5192738910642052   0.003708877604314062
  -0.7265982774619778     0.2458721685261831   0.003708877604314062
   0.2458721685261831    -0.7265982774619779   0.003708877604314062
  -0.7265982774619779    -0.5192738910642052   0.003708877604314062
  -0.5192738910642053    -0.7265982774619779   0.003708877604314062
  -0.2919562598693128    0.01212299080731061   0.004349749900022302
  0.01212299080731061    -0.2919562598693128   0.004349749900022302
  -0.7201667309379978    0.01212299080731061   0.004349749900022302
  0.01212299080731061    -0.7201667309379978   0.004349749900022302
  -0.7201667309379978    -0.2919562598693128   0.004349749900022302
  -0.2919562598693128    -0.7201667309379978   0.004349749900022302
   -0.592684375867172     0.3080382447811765   0.003289314765263689
   0.3080382447811765     -0.592684375867172   0.003289314765263689
  -0.7153538689140044     0.3080382447811765   0.003289314765263689
   0.3080382447811765    -0.7153538689140044   0.003289314765263689
  -0.7153538689140044     -0.592684375867172   0.003289314765263689
   -0.592684375867172    -0.7153538689140044   0.003289314765263689
  -0.2194916129704951   -0.06849528064169186   0.004229522580772591
 -0.06849528064169186    -0.2194916129704951   0.004229522580772591
   -0.712013106387813   -0.06849528064169186   0.004229522580772591
 -0.06849528064169186     -0.712013106387813   0.004229522580772591
   -0.712013106387813    -0.2194916129704951   0.004229522580772591
  -0.2194916129704951     -0.712013106387813   0.004229522580772591
  -0.3740435300426009    0.08532037745753307   0.003423482410102377
  0.08532037745753313    -0.3740435300426009   0.003423482410102377
  -0.7112768474149321    0.08532037745753307   0.003423482410102377
   0.0853203774575331    -0.7112768474149322   0.003423482410102377
  -0.7112768474149322    -0.3740435300426009   0.003423482410102377
  -0.3740435300426009    -0.7112768474149322   0.003423482410102377
  -0.7087201297565393     0.4177355239107081  0.0008926187815582284
   0.4177355239107081    -0.7087201297565393  0.0008926187815582284
  -0.7090153941541688     0.4177355239107081  0.0008926187815582284
   0.4177355239107081    -0.7090153941541688  0.0008926187815582284
  -0.7090153941541688    -0.7087201297565393  0.0008926187815582284
  -0.7087201297565393    -0.7090153941541688  0.0008926187815582284
  -0.6520711570396436     0.3518862654613159   0.003376213819675115
    0.351886265461316    -0.6520711570396436   0.003376213819675115
  -0.6998151084216724     0.3518862654613159   0.003376213819675115
    0.351886265461316    -0.6998151084216724   0.003376213819675115
  -0.6998151084216724    -0.6520711570396436   0.003376213819675115
  -0.6520711570396436    -0.6998151084216724   0.003376213819675115
   -0.431874692438672     0.1270065861620158   0.001911991835299288
   0.1270065861620158     -0.431874692438672   0.001911991835299288
  -0.6951318937233437     0.1270065861620158   0.001911991835299288
   0.1270065861620158    -0.6951318937233437   0.001911991835299288
  -0.6951318937233437     -0.431874692438672   0.001911991835299288
   -0.431874692438672    -0.6951318937233437   0.001911991835299288
  -0.4939158505488064     0.1711771736460763   0.003974850737940522
   0.1711771736460763    -0.4939158505488064   0.003974850737940522
  -0.6772613230972699     0.1711771736460763   0.003974850737940522
   0.1711771736460763    -0.6772613230972699   0.003974850737940522
  -0.6772613230972699    -0.4939158505488064   0.003974850737940522
  -0.4939158505488064    -0.6772613230972699   0.003974850737940522
  -0.5663488806200812     0.2351979321203974   0.003762712032818927
   0.2351979321203974    -0.5663488806200812   0.003762712032818927
  -0.6688490515003163     0.2351979321203974   0.003762712032818927
   0.2351979321203974    -0.6688490515003163   0.003762712032818927
  -0.6688490515003163    -0.5663488806200812   0.003762712032818927
  -0.5663488806200812    -0.6688490515003163   0.003762712032818927
  -0.3511283562445259    0.01313114024720757   0.004424119883259935
  0.01313114024720757    -0.3511283562445259   0.004424119883259935
  -0.6620027840026816    0.01313114024720757   0.004424119883259935
  0.01313114024720757    -0.6620027840026816   0.004424119883259935
  -0.6620027840026816    -0.3511283562445259   0.004424119883259935
  -0.3511283562445259    -0.6620027840026816   0.004424119883259935
  -0.2813876828238038   -0.06062496555683783   0.004345893813959664
 -0.06062496555683783    -0.2813876828238038   0.004345893813959664
  -0.6579873516193584   -0.06062496555683783   0.004345893813959664
 -0.06062496555683783    -0.6579873516193584   0.004345893813959664
  -0.6579873516193584    -0.2813876828238038   0.004345893813959664
  -0.2813876828238038    -0.6579873516193584   0.004345893813959664
  -0.6258600089181443     0.2776500937448622   0.002520565771837265
   0.2776500937448623    -0.6258600089181443   0.002520565771837265
   -0.651790084826718     0.2776500937448622   0.002520565771837265
   0.2776500937448623     -0.651790084826718   0.002520565771837265
   -0.651790084826718    -0.6258600089181443   0.002520565771837265
  -0.6258600089181443     -0.651790084826718   0.002520565771837265
  -0.2125076784429523    -0.1369189874821307    0.00434907026934438
  -0.1369189874821307    -0.2125076784429524    0.00434907026934438
  -0.6505733340749171    -0.1369189874821307    0.00434907026934438
  -0.1369189874821307    -0.6505733340749171    0.00434907026934438
  -0.6505733340749171    -0.2125076784429524    0.00434907026934438
  -0.2125076784429523    -0.6505733340749171    0.00434907026934438
  -0.4309522312005207     0.0804493123015993   0.004241233400531577
   0.0804493123015993    -0.4309522312005206   0.004241233400531577
  -0.6494970811010785     0.0804493123015993   0.004241233400531577
   0.0804493123015993    -0.6494970811010785   0.004241233400531577
  -0.6494970811010785    -0.4309522312005206   0.004241233400531577
  -0.4309522312005207    -0.6494970811010785   0.004241233400531577
  -0.5508422820774102     0.1712093883779633   0.002122167221704386
   0.1712093883779633    -0.5508422820774102   0.002122167221704386
  -0.6203671063005531     0.1712093883779633   0.002122167221704386
   0.1712093883779633    -0.6203671063005531   0.002122167221704386
  -0.6203671063005531    -0.5508422820774102   0.002122167221704386
  -0.5508422820774102    -0.6203671063005531   0.002122167221704386
  -0.5096121665889987     0.1258921507345956   0.003337444957127273
   0.1258921507345956    -0.5096121665889987   0.003337444957127273
  -0.6162799841455969     0.1258921507345956   0.003337444957127273
   0.1258921507345955     -0.616279984145597   0.003337444957127273
  -0.6162799841455969    -0.5096121665889987   0.003337444957127273
  -0.5096121665889985     -0.616279984145597   0.003337444957127273
  -0.3916593397412782  -0.009601555929048766   0.004797733219679631
-0.009601555929048766    -0.3916593397412782   0.004797733219679631
   -0.598739104329673  -0.009601555929048766   0.004797733219679631
-0.009601555929048794     -0.598739104329673   0.004797733219679631
   -0.598739104329673    -0.3916593397412782   0.004797733219679631
  -0.3916593397412782     -0.598739104329673   0.004797733219679631
  -0.3180931825563414   -0.08643284220564246   0.004980865841058684
 -0.08643284220564246    -0.3180931825563414   0.004980865841058684
   -0.595473975238016   -0.08643284220564246   0.004980865841058684
 -0.08643284220564248     -0.595473975238016   0.004980865841058684
   -0.595473975238016    -0.3180931825563414   0.004980865841058684
  -0.3180931825563414     -0.595473975238016   0.004980865841058684
  -0.2435265635441013    -0.1664248307087011   0.004854694346200361
  -0.1664248307087011    -0.2435265635441013   0.004854694346200361
  -0.5900486057471976    -0.1664248307087011   0.004854694346200361
  -0.1664248307087011    -0.5900486057471976   0.004854694346200361
  -0.5900486057471976    -0.2435265635441013   0.004854694346200361
  -0.2435265635441013    -0.5900486057471976   0.004854694346200361
  -0.4685954024606639    0.05507733001201176   0.004056295423838494
   0.0550773300120117    -0.4685954024606639   0.004056295423838494
  -0.5864819275513479    0.05507733001201176   0.004056295423838494
  0.05507733001201173    -0.5864819275513478   0.004056295423838494
  -0.5864819275513478    -0.4685954024606639   0.004056295423838494
  -0.4685954024606639    -0.5864819275513478   0.004056295423838494
  -0.4540611129214208   -0.01296992390500412   0.003923476219988873
 -0.01296992390500412    -0.4540611129214208   0.003923476219988873
   -0.532968963173575   -0.01296992390500412   0.003923476219988873
 -0.01296992390500415     -0.532968963173575   0.003923476219988873
   -0.532968963173575    -0.4540611129214208   0.003923476219988873
  -0.4540611129214208     -0.532968963173575   0.003923476219988873
  -0.3879875936376576   -0.08173064262646812   0.004970488873092715
 -0.08173064262646809    -0.3879875936376576   0.004970488873092715
  -0.5302817637358743   -0.08173064262646812   0.004970488873092715
 -0.08173064262646809    -0.5302817637358743   0.004970488873092715
  -0.5302817637358743    -0.3879875936376576   0.004970488873092715
  -0.3879875936376576    -0.5302817637358743   0.004970488873092715
   -0.314955388941888     -0.158158088561258   0.005220965083467112
   -0.158158088561258     -0.314955388941888   0.005220965083467112
   -0.526886522496854     -0.158158088561258   0.005220965083467112
   -0.158158088561258     -0.526886522496854   0.005220965083467112
   -0.526886522496854     -0.314955388941888   0.005220965083467112
   -0.314955388941888     -0.526886522496854   0.005220965083467112
  -0.4537815559543665   -0.07705357392110729   0.002747880052052673
 -0.07705357392110729    -0.4537815559543665   0.002747880052052673
  -0.4691648701245263   -0.07705357392110729   0.002747880052052673
 -0.07705357392110729    -0.4691648701245263   0.002747880052052673
  -0.4691648701245263    -0.4537815559543665   0.002747880052052673
  -0.4537815559543665    -0.4691648701245263   0.002747880052052673
  -0.3874247042231868    -0.1547136379147206   0.005473284824464407
  -0.1547136379147206    -0.3874247042231868   0.005473284824464407
  -0.4578616578620926    -0.1547136379147206   0.005473284824464407
  -0.1547136379147206    -0.4578616578620926   0.005473284824464407
  -0.4578616578620926    -0.3874247042231868   0.005473284824464407
  -0.3874247042231868    -0.4578616578620926   0.005473284824464407
  -0.3110868231105177     -0.231985258025649   0.005483850019805247
   -0.231985258025649    -0.3110868231105177   0.005483850019805247
  -0.4569279188638333     -0.231985258025649   0.005483850019805247
   -0.231985258025649    -0.4569279188638333   0.005483850019805247
  -0.4569279188638333    -0.3110868231105177   0.005483850019805247
  -0.3110868231105177    -0.4569279188638333   0.005483850019805247

