# Rule degree: 7
 -0.3333333333333333   -0.3333333333333333   -0.2991400889353668
 -0.8697397941955685    0.7394795883911369    0.1066944712176769
  0.7394795883911369   -0.8697397941955685    0.1066944712176769
 -0.8697397941955685   -0.8697397941955685    0.1066944712176769
   -0.47930806784192  -0.04138386431615992    0.3512305148664165
-0.04138386431615992   -0.4793080678419201    0.3512305148664165
   -0.47930806784192   -0.4793080678419201    0.3512305148664165
 -0.3742690079902519    0.2768883771396192    0.1542275217805144
  0.2768883771396191    -0.374269007990252    0.1542275217805144
 -0.9026193691493671    0.2768883771396192    0.1542275217805144
  0.2768883771396192   -0.9026193691493671    0.1542275217805144
 -0.9026193691493671    -0.374269007990252    0.1542275217805144
 -0.3742690079902519   -0.9026193691493671    0.1542275217805144

