# Rule degree: 7
-0.8701389736816703   0.7402779473633405   0.1061556035804648
 0.7402779473633405  -0.8701389736816703   0.1061556035804648
-0.8701389736816703  -0.8701389736816703   0.1061556035804648
 -0.372881631230137   0.2851546876453921   0.1385493641588338
  0.285154687645392   -0.372881631230137   0.1385493641588338
-0.9122730564152551   0.2851546876453921   0.1385493641588338
 0.2851546876453921   -0.912273056415255   0.1385493641588338
 -0.912273056415255   -0.372881631230137   0.1385493641588338
 -0.372881631230137   -0.912273056415255   0.1385493641588338
-0.4308488315016594  0.03407987813864588   0.1417061673842671
0.03407987813864594  -0.4308488315016594   0.1417061673842671
-0.6032310466369866  0.03407987813864588   0.1417061673842671
0.03407987813864591  -0.6032310466369867   0.1417061673842671
-0.6032310466369866  -0.4308488315016594   0.1417061673842671
-0.4308488315016594  -0.6032310466369867   0.1417061673842671

