# Rule degree: 81
     -0.99294444058777        0.98588888117554   8.159638460156937e-05
    0.9858888811755399       -0.99294444058777   8.159638460156937e-05
     -0.99294444058777       -0.99294444058777   8.159638460156937e-05
   -0.9848006503958201      0.9696013007916402   0.0001858946879900077
    0.9696013007916403     -0.9848006503958201   0.0001858946879900077
   -0.9848006503958201     -0.9848006503958201   0.0001858946879900077
   -0.9598747004958973      0.9197494009917946   0.0004422288297605957
    0.9197494009917945     -0.9598747004958973   0.0004422288297605957
   -0.9598747004958973     -0.9598747004958973   0.0004422288297605957
   -0.9046208353850466      0.8092416707700931   0.0009788668957785287
    0.8092416707700932     -0.9046208353850466   0.0009788668957785287
   -0.9046208353850466     -0.9046208353850466   0.0009788668957785287
   -0.7672110281468061      0.5344220562936122    0.002251988358562784
    0.5344220562936122     -0.7672110281468061    0.002251988358562784
   -0.7672110281468061     -0.7672110281468061    0.002251988358562784
   -0.7119141884948017      0.4238283769896034     0.00265301798077912
    0.4238283769896034     -0.7119141884948017     0.00265301798077912
   -0.7119141884948017     -0.7119141884948017     0.00265301798077912
   -0.6725414514336798      0.3450829028673596    0.002226081101251968
    0.3450829028673597     -0.6725414514336798    0.002226081101251968
   -0.6725414514336798     -0.6725414514336798    0.002226081101251968
   -0.5865622270274137      0.1731244540548273    0.003451233778386534
    0.1731244540548273     -0.5865622270274136    0.003451233778386534
   -0.5865622270274137     -0.5865622270274136    0.003451233778386534
   -0.5192288425252642     0.03845768505052843    0.004096876418169548
   0.03845768505052846     -0.5192288425252642    0.004096876418169548
   -0.5192288425252642     -0.5192288425252642    0.004096876418169548
   -0.4701279961562538    -0.05974400768749244    0.003320816025635315
  -0.05974400768749244     -0.4701279961562537    0.003320816025635315
   -0.4701279961562538     -0.4701279961562537    0.003320816025635315
   -0.4092708331019518     -0.1814583337960964    0.004151528095312241
   -0.1814583337960964     -0.4092708331019517    0.004151528095312241
   -0.4092708331019518     -0.4092708331019517    0.004151528095312241
   -0.3146944358216227     -0.3706111283567546    0.003422027746267331
   -0.3706111283567546     -0.3146944358216227    0.003422027746267331
   -0.3146944358216227     -0.3146944358216227    0.003422027746267331
   -0.2752023009185526     -0.4495953981628948    0.003710755680657357
   -0.4495953981628948     -0.2752023009185525    0.003710755680657357
   -0.2752023009185526     -0.2752023009185525    0.003710755680657357
   -0.2011817900305151     -0.5976364199389699    0.003834963602987818
   -0.5976364199389699     -0.2011817900305151    0.003834963602987818
   -0.2011817900305151     -0.2011817900305151    0.003834963602987818
  -0.06281431558582595     -0.8743713688283481    0.002763941175320715
   -0.8743713688283481     -0.0628143155858259    0.002763941175320715
  -0.06281431558582595     -0.0628143155858259    0.002763941175320715
  -0.01732696545194123     -0.9653460690961175    0.001306511236586195
   -0.9653460690961175    -0.01732696545194123    0.001306511236586195
  -0.01732696545194123    -0.01732696545194123    0.001306511236586195
   -0.9728491284294007      0.9728129634788882   2.409253729896874e-05
    0.9728129634788882     -0.9728491284294007   2.409253729896874e-05
   -0.9999638350494875      0.9728129634788882   2.409253729896874e-05
    0.9728129634788882     -0.9999638350494875   2.409253729896874e-05
   -0.9999638350494875     -0.9728491284294007   2.409253729896874e-05
   -0.9728491284294007     -0.9999638350494875   2.409253729896874e-05
   -0.9414339833426957       0.940961044058197   4.567748300726169e-05
     0.940961044058197     -0.9414339833426957   4.567748300726169e-05
   -0.9995270607155013       0.940961044058197   4.567748300726169e-05
     0.940961044058197     -0.9995270607155013   4.567748300726169e-05
   -0.9995270607155013     -0.9414339833426957   4.567748300726169e-05
   -0.9414339833426957     -0.9995270607155013   4.567748300726169e-05
   -0.1505246753898286       0.149868168958566    0.000152665608932749
    0.1498681689585659     -0.1505246753898286    0.000152665608932749
   -0.9993434935687373       0.149868168958566    0.000152665608932749
    0.1498681689585659     -0.9993434935687373    0.000152665608932749
   -0.9993434935687373     -0.1505246753898286    0.000152665608932749
   -0.1505246753898286     -0.9993434935687373    0.000152665608932749
   -0.9083698943253059      0.9076876751568181   7.437730348495213e-05
    0.9076876751568181     -0.9083698943253058   7.437730348495213e-05
   -0.9993177808315122      0.9076876751568181   7.437730348495213e-05
    0.9076876751568181     -0.9993177808315123   7.437730348495213e-05
   -0.9993177808315123     -0.9083698943253058   7.437730348495213e-05
   -0.9083698943253058     -0.9993177808315123   7.437730348495213e-05
   -0.7317808473435481      0.7309183740994165   0.0001306641693185062
    0.7309183740994165     -0.7317808473435481   0.0001306641693185062
   -0.9991375267558684      0.7309183740994165   0.0001306641693185062
    0.7309183740994165     -0.9991375267558684   0.0001306641693185062
   -0.9991375267558684     -0.7317808473435481   0.0001306641693185062
   -0.7317808473435481     -0.9991375267558684   0.0001306641693185062
    -0.990372622184264      0.9894312830669665   3.005222792217613e-05
    0.9894312830669665     -0.9903726221842639   3.005222792217613e-05
   -0.9990586608827025      0.9894312830669665   3.005222792217613e-05
    0.9894312830669665     -0.9990586608827026   3.005222792217613e-05
   -0.9990586608827026     -0.9903726221842639   3.005222792217613e-05
   -0.9903726221842639     -0.9990586608827026   3.005222792217613e-05
   -0.7865446885409629      0.7855199882751842   0.0001226846903375629
    0.7855199882751842      -0.786544688540963   0.0001226846903375629
   -0.9989752997342213      0.7855199882751842   0.0001226846903375629
    0.7855199882751842     -0.9989752997342212   0.0001226846903375629
   -0.9989752997342212      -0.786544688540963   0.0001226846903375629
    -0.786544688540963     -0.9989752997342212   0.0001226846903375629
   -0.5530348306859902      0.5519823656688341   0.0001693556262372331
    0.5519823656688341     -0.5530348306859902   0.0001693556262372331
   -0.9989475349828438      0.5519823656688341   0.0001693556262372331
    0.5519823656688341     -0.9989475349828438   0.0001693556262372331
   -0.9989475349828438     -0.5530348306859902   0.0001693556262372331
   -0.5530348306859902     -0.9989475349828438   0.0001693556262372331
   -0.6756855532326671      0.6743700549361704    0.000191721210108925
    0.6743700549361704     -0.6756855532326671    0.000191721210108925
   -0.9986845017035033      0.6743700549361704    0.000191721210108925
    0.6743700549361704     -0.9986845017035033    0.000191721210108925
   -0.9986845017035033     -0.6756855532326671    0.000191721210108925
   -0.6756855532326671     -0.9986845017035033    0.000191721210108925
-0.0009709206523738079  -0.0003665647948016826   0.0001289347717478793
-0.0003665647948016826  -0.0009709206523738079   0.0001289347717478793
   -0.9986625145528245  -0.0003665647948016826   0.0001289347717478793
-0.0003665647948016652     -0.9986625145528245   0.0001289347717478793
   -0.9986625145528245  -0.0009709206523738079   0.0001289347717478793
-0.0009709206523737905     -0.9986625145528245   0.0001289347717478793
    -0.430192245966627      0.4287539510215448   0.0002373902800913054
    0.4287539510215448      -0.430192245966627   0.0002373902800913054
   -0.9985617050549178      0.4287539510215448   0.0002373902800913054
    0.4287539510215448     -0.9985617050549178   0.0002373902800913054
   -0.9985617050549178      -0.430192245966627   0.0002373902800913054
    -0.430192245966627     -0.9985617050549178   0.0002373902800913054
   -0.8713578717040122      0.8699133588381791   0.0001421829200759576
    0.8699133588381791     -0.8713578717040122   0.0001421829200759576
   -0.9985554871341669      0.8699133588381791   0.0001421829200759576
    0.8699133588381791     -0.9985554871341669   0.0001421829200759576
   -0.9985554871341669     -0.8713578717040122   0.0001421829200759576
   -0.8713578717040122     -0.9985554871341669   0.0001421829200759576
   -0.6174649654589501       0.616007927140557    0.000224810006115584
     0.616007927140557     -0.6174649654589501    0.000224810006115584
   -0.9985429616816068       0.616007927140557    0.000224810006115584
     0.616007927140557     -0.9985429616816068    0.000224810006115584
   -0.9985429616816068     -0.6174649654589501    0.000224810006115584
   -0.6174649654589501     -0.9985429616816068    0.000224810006115584
   -0.2964325580494199      0.2949354032420893   0.0002742903935366383
    0.2949354032420893     -0.2964325580494199   0.0002742903935366383
   -0.9985028451926694      0.2949354032420893   0.0002742903935366383
    0.2949354032420893     -0.9985028451926694   0.0002742903935366383
   -0.9985028451926694     -0.2964325580494199   0.0002742903935366383
   -0.2964325580494199     -0.9985028451926694   0.0002742903935366383
   -0.8307383222626878       0.829190895525447   0.0001684924405303117
     0.829190895525447     -0.8307383222626878   0.0001684924405303117
   -0.9984525732627592       0.829190895525447   0.0001684924405303117
     0.829190895525447     -0.9984525732627592   0.0001684924405303117
   -0.9984525732627592     -0.8307383222626878   0.0001684924405303117
   -0.8307383222626878     -0.9984525732627592   0.0001684924405303117
   -0.3650869584756999      0.3634577586482028   0.0002769258078880449
    0.3634577586482028     -0.3650869584756999   0.0002769258078880449
   -0.9983708001725029      0.3634577586482028   0.0002769258078880449
    0.3634577586482028     -0.9983708001725029   0.0002769258078880449
   -0.9983708001725029     -0.3650869584756999   0.0002769258078880449
   -0.3650869584756999     -0.9983708001725029   0.0002769258078880449
  -0.07546715012765465     0.07380186915837944    0.000319019593415171
   0.07380186915837944    -0.07546715012765465    0.000319019593415171
   -0.9983347190307248     0.07380186915837944    0.000319019593415171
   0.07380186915837945     -0.9983347190307249    0.000319019593415171
   -0.9983347190307248    -0.07546715012765465    0.000319019593415171
  -0.07546715012765463     -0.9983347190307249    0.000319019593415171
   -0.2239895813195232      0.2222127364612423   0.0003334225800683586
    0.2222127364612423     -0.2239895813195232   0.0003334225800683586
   -0.9982231551417191      0.2222127364612423   0.0003334225800683586
    0.2222127364612423     -0.9982231551417191   0.0003334225800683586
   -0.9982231551417191     -0.2239895813195232   0.0003334225800683586
   -0.2239895813195232     -0.9982231551417191   0.0003334225800683586
   -0.9982132677784703      0.9964289190501063   1.049639550079407e-05
    0.9964289190501063     -0.9982132677784703   1.049639550079407e-05
    -0.998215651271636      0.9964289190501063   1.049639550079407e-05
    0.9964289190501063      -0.998215651271636   1.049639550079407e-05
    -0.998215651271636     -0.9982132677784703   1.049639550079407e-05
   -0.9982132677784703      -0.998215651271636   1.049639550079407e-05
   -0.4926826520478624       0.490862275113184   0.0002864117499091466
    0.4908622751131841     -0.4926826520478624   0.0002864117499091466
   -0.9981796230653217       0.490862275113184   0.0002864117499091466
     0.490862275113184     -0.9981796230653218   0.0002864117499091466
   -0.9981796230653217     -0.4926826520478624   0.0002864117499091466
   -0.4926826520478624     -0.9981796230653218   0.0002864117499091466
   -0.9587097325319212       0.955725203458614   0.0001276354772625991
    0.9557252034586141     -0.9587097325319212   0.0001276354772625991
    -0.997015470926693       0.955725203458614   0.0001276354772625991
    0.9557252034586141      -0.997015470926693   0.0001276354772625991
    -0.997015470926693     -0.9587097325319212   0.0001276354772625991
   -0.9587097325319212      -0.997015470926693   0.0001276354772625991
   -0.9804078488142127      0.9764159242511221   0.0001019696930031486
    0.9764159242511221     -0.9804078488142127   0.0001019696930031486
   -0.9960080754369094      0.9764159242511221   0.0001019696930031486
    0.9764159242511221     -0.9960080754369094   0.0001019696930031486
   -0.9960080754369094     -0.9804078488142127   0.0001019696930031486
   -0.9804078488142127     -0.9960080754369094   0.0001019696930031486
   -0.7685160729911455      0.7642642217340407   0.0002324121497910099
    0.7642642217340407     -0.7685160729911455   0.0002324121497910099
   -0.9957481487428952      0.7642642217340407   0.0002324121497910099
    0.7642642217340407     -0.9957481487428952   0.0002324121497910099
   -0.9957481487428952     -0.7685160729911455   0.0002324121497910099
   -0.7685160729911455     -0.9957481487428952   0.0002324121497910099
    -0.929384673339918      0.9249340650465643   0.0001970890168722597
    0.9249340650465643      -0.929384673339918   0.0001970890168722597
   -0.9955493917066462      0.9249340650465643   0.0001970890168722597
    0.9249340650465643     -0.9955493917066462   0.0001970890168722597
   -0.9955493917066462      -0.929384673339918   0.0001970890168722597
    -0.929384673339918     -0.9955493917066462   0.0001970890168722597
   -0.5719533620146069      0.5672503367842425   0.0002435553218219337
    0.5672503367842425     -0.5719533620146069   0.0002435553218219337
   -0.9952969747696356      0.5672503367842425   0.0002435553218219337
    0.5672503367842425     -0.9952969747696356   0.0002435553218219337
   -0.9952969747696356     -0.5719533620146069   0.0002435553218219337
   -0.5719533620146069     -0.9952969747696356   0.0002435553218219337
   -0.1487201713755907      0.1435533036443171   0.0005187109578574665
    0.1435533036443171     -0.1487201713755906   0.0005187109578574665
   -0.9948331322687264      0.1435533036443171   0.0005187109578574665
    0.1435533036443171     -0.9948331322687265   0.0005187109578574665
   -0.9948331322687265     -0.1487201713755906   0.0005187109578574665
   -0.1487201713755907     -0.9948331322687265   0.0005187109578574665
   -0.7195504999462325      0.7138888770633405   0.0003524061589598049
    0.7138888770633405     -0.7195504999462325   0.0003524061589598049
   -0.9943383771171079      0.7138888770633405   0.0003524061589598049
    0.7138888770633405     -0.9943383771171079   0.0003524061589598049
   -0.9943383771171079     -0.7195504999462325   0.0003524061589598049
   -0.7195504999462325     -0.9943383771171079   0.0003524061589598049
    -0.896994969212191      0.8910697484714544   0.0002728400654332341
    0.8910697484714543      -0.896994969212191   0.0002728400654332341
   -0.9940747792592632      0.8910697484714544   0.0002728400654332341
    0.8910697484714543     -0.9940747792592632   0.0002728400654332341
   -0.9940747792592632      -0.896994969212191   0.0002728400654332341
    -0.896994969212191     -0.9940747792592632   0.0002728400654332341
   -0.6681647338240744      0.6610984144844672   0.0004045782155102367
    0.6610984144844672     -0.6681647338240744   0.0004045782155102367
   -0.9929336806603928      0.6610984144844672   0.0004045782155102367
    0.6610984144844672     -0.9929336806603928   0.0004045782155102367
   -0.9929336806603928     -0.6681647338240744   0.0004045782155102367
   -0.6681647338240744     -0.9929336806603928   0.0004045782155102367
 -0.007639032772241705   0.0004153115044548961   0.0003125415978952126
 0.0004153115044548961   -0.007639032772241705   0.0003125415978952126
   -0.9927762787322132   0.0004153115044548961   0.0003125415978952126
 0.0004153115044549069     -0.9927762787322133   0.0003125415978952126
   -0.9927762787322132   -0.007639032772241705   0.0003125415978952126
 -0.007639032772241695     -0.9927762787322133   0.0003125415978952126
   -0.8113068587540953      0.8038885757919187   0.0003795080690275185
    0.8038885757919187     -0.8113068587540953   0.0003795080690275185
   -0.9925817170378235      0.8038885757919187   0.0003795080690275185
    0.8038885757919187     -0.9925817170378235   0.0003795080690275185
   -0.9925817170378235     -0.8113068587540953   0.0003795080690275185
   -0.8113068587540953     -0.9925817170378235   0.0003795080690275185
   -0.4254239580024235      0.4175780690382017   0.0006043450675522861
    0.4175780690382017     -0.4254239580024236   0.0006043450675522861
   -0.9921541110357781      0.4175780690382017   0.0006043450675522861
    0.4175780690382017     -0.9921541110357781   0.0006043450675522861
   -0.9921541110357781     -0.4254239580024236   0.0006043450675522861
   -0.4254239580024235     -0.9921541110357781   0.0006043450675522861
    -0.856215329314316      0.8483451936659945   0.0003675300111328182
    0.8483451936659945      -0.856215329314316   0.0003675300111328182
   -0.9921298643516785      0.8483451936659945   0.0003675300111328182
    0.8483451936659945     -0.9921298643516785   0.0003675300111328182
   -0.9921298643516785      -0.856215329314316   0.0003675300111328182
    -0.856215329314316     -0.9921298643516785   0.0003675300111328182
   -0.5365954413017853      0.5286216883461023   0.0004077468039561471
    0.5286216883461023     -0.5365954413017853   0.0004077468039561471
   -0.9920262470443171      0.5286216883461023   0.0004077468039561471
    0.5286216883461023     -0.9920262470443171   0.0004077468039561471
   -0.9920262470443171     -0.5365954413017853   0.0004077468039561471
   -0.5365954413017853     -0.9920262470443171   0.0004077468039561471
   -0.6208490407678877      0.6127552108627095   0.0004290900755529613
    0.6127552108627095     -0.6208490407678877   0.0004290900755529613
   -0.9919061700948217      0.6127552108627095   0.0004290900755529613
    0.6127552108627093     -0.9919061700948218   0.0004290900755529613
   -0.9919061700948217     -0.6208490407678877   0.0004290900755529613
   -0.6208490407678876     -0.9919061700948218   0.0004290900755529613
   -0.2862151630173375      0.2780837705495016   0.0006623827743075152
    0.2780837705495016     -0.2862151630173375   0.0006623827743075152
   -0.9918686075321641      0.2780837705495016   0.0006623827743075152
    0.2780837705495016     -0.9918686075321642   0.0006623827743075152
   -0.9918686075321641     -0.2862151630173375   0.0006623827743075152
   -0.2862151630173375     -0.9918686075321642   0.0006623827743075152
   -0.3559766545819538      0.3476119098013624   0.0006525048534611653
    0.3476119098013624     -0.3559766545819538   0.0006525048534611653
   -0.9916352552194085      0.3476119098013624   0.0006525048534611653
    0.3476119098013624     -0.9916352552194085   0.0006525048534611653
   -0.9916352552194085     -0.3559766545819538   0.0006525048534611653
   -0.3559766545819538     -0.9916352552194085   0.0006525048534611653
  -0.07729306702607158     0.06856245576705206   0.0006958327792590921
   0.06856245576705206    -0.07729306702607158   0.0006958327792590921
   -0.9912693887409805     0.06856245576705206   0.0006958327792590921
   0.06856245576705206     -0.9912693887409806   0.0006958327792590921
   -0.9912693887409805    -0.07729306702607158   0.0006958327792590921
  -0.07729306702607158     -0.9912693887409806   0.0006958327792590921
    -0.486287898874636      0.4769894382387189   0.0005701972309652134
    0.4769894382387188      -0.486287898874636   0.0005701972309652134
   -0.9907015393640828      0.4769894382387189   0.0005701972309652134
    0.4769894382387189     -0.9907015393640828   0.0005701972309652134
   -0.9907015393640828      -0.486287898874636   0.0005701972309652134
    -0.486287898874636     -0.9907015393640828   0.0005701972309652134
   -0.2149901883664332      0.2056418488088431   0.0007274196678882601
    0.2056418488088432     -0.2149901883664331   0.0007274196678882601
     -0.99065166044241      0.2056418488088431   0.0007274196678882601
    0.2056418488088431       -0.99065166044241   0.0007274196678882601
     -0.99065166044241     -0.2149901883664331   0.0007274196678882601
   -0.2149901883664332       -0.99065166044241   0.0007274196678882601
   -0.9693630058298528      0.9595842628942846   0.0001624666683010169
    0.9595842628942846     -0.9693630058298528   0.0001624666683010169
   -0.9902212570644318      0.9595842628942846   0.0001624666683010169
    0.9595842628942846     -0.9902212570644318   0.0001624666683010169
   -0.9902212570644318     -0.9693630058298528   0.0001624666683010169
   -0.9693630058298528     -0.9902212570644318   0.0001624666683010169
   -0.9472614975227347      0.9359855040526122   0.0002710434037364257
    0.9359855040526122     -0.9472614975227347   0.0002710434037364257
   -0.9887240065298775      0.9359855040526122   0.0002710434037364257
    0.9359855040526122     -0.9887240065298775   0.0002710434037364257
   -0.9887240065298775     -0.9472614975227347   0.0002710434037364257
   -0.9472614975227347     -0.9887240065298775   0.0002710434037364257
    -0.759561534944544      0.7478151623245526   0.0004538437164434376
    0.7478151623245526     -0.7595615349445441   0.0004538437164434376
   -0.9882536273800085      0.7478151623245526   0.0004538437164434376
    0.7478151623245526     -0.9882536273800084   0.0004538437164434376
   -0.9882536273800084     -0.7595615349445441   0.0004538437164434376
   -0.7595615349445441     -0.9882536273800084   0.0004538437164434376
   -0.5904440574291816      0.5773370806769993   0.0002963553096875927
    0.5773370806769993     -0.5904440574291816   0.0002963553096875927
   -0.9868930232478177      0.5773370806769993   0.0002963553096875927
    0.5773370806769993     -0.9868930232478177   0.0002963553096875927
   -0.9868930232478177     -0.5904440574291816   0.0002963553096875927
   -0.5904440574291816     -0.9868930232478177   0.0002963553096875927
   -0.5677473814584506      0.5538859921467802   0.0002364605931135398
    0.5538859921467802     -0.5677473814584506   0.0002364605931135398
   -0.9861386106883296      0.5538859921467802   0.0002364605931135398
    0.5538859921467802     -0.9861386106883296   0.0002364605931135398
   -0.9861386106883296     -0.5677473814584506   0.0002364605931135398
   -0.5677473814584506     -0.9861386106883296   0.0002364605931135398
    -0.918453090892924      0.9034481692175758   0.0004110702329860521
    0.9034481692175758      -0.918453090892924   0.0004110702329860521
   -0.9849950783246517      0.9034481692175758   0.0004110702329860521
    0.9034481692175758     -0.9849950783246517   0.0004110702329860521
   -0.9849950783246517      -0.918453090892924   0.0004110702329860521
    -0.918453090892924     -0.9849950783246517   0.0004110702329860521
   -0.7073360612988258      0.6918612834199498   0.0006282601013568729
    0.6918612834199498     -0.7073360612988258   0.0006282601013568729
    -0.984525222121124      0.6918612834199498   0.0006282601013568729
    0.6918612834199498      -0.984525222121124   0.0006282601013568729
    -0.984525222121124     -0.7073360612988258   0.0006282601013568729
   -0.7073360612988258      -0.984525222121124   0.0006282601013568729
   -0.1422742177424885      0.1267721984159028   0.0009000644639104103
    0.1267721984159028     -0.1422742177424886   0.0009000644639104103
   -0.9844979806734142      0.1267721984159028   0.0009000644639104103
    0.1267721984159028     -0.9844979806734142   0.0009000644639104103
   -0.9844979806734142     -0.1422742177424886   0.0009000644639104103
   -0.1422742177424885     -0.9844979806734142   0.0009000644639104103
   -0.7941322091543404      0.7780574017721398   0.0003519695593687382
    0.7780574017721398     -0.7941322091543404   0.0003519695593687382
   -0.9839251926177994      0.7780574017721398   0.0003519695593687382
    0.7780574017721398     -0.9839251926177994   0.0003519695593687382
   -0.9839251926177994     -0.7941322091543404   0.0003519695593687382
   -0.7941322091543404     -0.9839251926177994   0.0003519695593687382
   -0.8828376018391503      0.8664557745342207   0.0004710444443208923
    0.8664557745342207     -0.8828376018391502   0.0004710444443208923
   -0.9836181726950705      0.8664557745342207   0.0004710444443208923
    0.8664557745342207     -0.9836181726950706   0.0004710444443208923
   -0.9836181726950706     -0.8828376018391502   0.0004710444443208923
   -0.8828376018391502     -0.9836181726950706   0.0004710444443208923
   -0.8360904092603353      0.8180255543176056   0.0005239691191995217
    0.8180255543176056     -0.8360904092603354   0.0005239691191995217
   -0.9819351450572703      0.8180255543176056   0.0005239691191995217
    0.8180255543176056     -0.9819351450572702   0.0005239691191995217
   -0.9819351450572702     -0.8360904092603354   0.0005239691191995217
   -0.8360904092603354     -0.9819351450572702   0.0005239691191995217
  -0.03816503113791186     0.01966412742017448   0.0007645705089426525
   0.01966412742017454    -0.03816503113791181   0.0007645705089426525
   -0.9814990962822627     0.01966412742017448   0.0007645705089426525
   0.01966412742017449     -0.9814990962822627   0.0007645705089426525
   -0.9814990962822627    -0.03816503113791181   0.0007645705089426525
  -0.03816503113791186     -0.9814990962822627   0.0007645705089426525
   -0.6547464006632906      0.6359123117671124   0.0007669801696555176
    0.6359123117671124     -0.6547464006632906   0.0007669801696555176
   -0.9811659111038218      0.6359123117671124   0.0007669801696555176
    0.6359123117671124     -0.9811659111038218   0.0007669801696555176
   -0.9811659111038218     -0.6547464006632906   0.0007669801696555176
   -0.6547464006632906     -0.9811659111038218   0.0007669801696555176
   -0.4046309476491124      0.3852523077037736   0.0009358455382213521
    0.3852523077037736     -0.4046309476491124   0.0009358455382213521
   -0.9806213600546612      0.3852523077037736   0.0009358455382213521
    0.3852523077037736     -0.9806213600546611   0.0009358455382213521
   -0.9806213600546612     -0.4046309476491124   0.0009358455382213521
   -0.4046309476491124     -0.9806213600546611   0.0009358455382213521
   -0.2720921335393273      0.2519046522806257   0.0009352151171857901
    0.2519046522806256     -0.2720921335393274   0.0009352151171857901
   -0.9798125187412983      0.2519046522806257   0.0009352151171857901
    0.2519046522806257     -0.9798125187412983   0.0009352151171857901
   -0.9798125187412983     -0.2720921335393274   0.0009352151171857901
   -0.2720921335393273     -0.9798125187412983   0.0009352151171857901
   -0.3368013091822888      0.3162545321077533   0.0009882635591686592
    0.3162545321077533     -0.3368013091822888   0.0009882635591686592
   -0.9794532229254644      0.3162545321077533   0.0009882635591686592
    0.3162545321077533     -0.9794532229254643   0.0009882635591686592
   -0.9794532229254644     -0.3368013091822888   0.0009882635591686592
   -0.3368013091822888     -0.9794532229254643   0.0009882635591686592
   -0.9674139870350315      0.9462722546432456   0.0002694576854081447
    0.9462722546432456     -0.9674139870350316   0.0002694576854081447
   -0.9788582676082141      0.9462722546432456   0.0002694576854081447
    0.9462722546432456      -0.978858267608214   0.0002694576854081447
    -0.978858267608214     -0.9674139870350316   0.0002694576854081447
   -0.9674139870350316      -0.978858267608214   0.0002694576854081447
   -0.5329632509274949      0.5117420001711777    0.000902474821232026
    0.5117420001711777     -0.5329632509274949    0.000902474821232026
   -0.9787787492436828      0.5117420001711777    0.000902474821232026
    0.5117420001711777     -0.9787787492436828    0.000902474821232026
   -0.9787787492436828     -0.5329632509274949    0.000902474821232026
   -0.5329632509274949     -0.9787787492436828    0.000902474821232026
   -0.4692090773894261      0.4479379007606514   0.0009560688763101472
    0.4479379007606514     -0.4692090773894261   0.0009560688763101472
   -0.9787288233712252      0.4479379007606514   0.0009560688763101472
    0.4479379007606514     -0.9787288233712252   0.0009560688763101472
   -0.9787288233712252     -0.4692090773894261   0.0009560688763101472
   -0.4692090773894261     -0.9787288233712252   0.0009560688763101472
   -0.2058147823089995      0.1831302236174873    0.001063438790708325
    0.1831302236174872     -0.2058147823089995    0.001063438790708325
   -0.9773154413084877      0.1831302236174873    0.001063438790708325
    0.1831302236174873     -0.9773154413084877    0.001063438790708325
   -0.9773154413084877     -0.2058147823089995    0.001063438790708325
   -0.2058147823089995     -0.9773154413084877    0.001063438790708325
    -0.602308923782928      0.5788958258658325   0.0007922774085368528
    0.5788958258658325      -0.602308923782928   0.0007922774085368528
   -0.9765869020829046      0.5788958258658325   0.0007922774085368528
    0.5788958258658325     -0.9765869020829046   0.0007922774085368528
   -0.9765869020829046      -0.602308923782928   0.0007922774085368528
    -0.602308923782928     -0.9765869020829046   0.0007922774085368528
  -0.08931973851315428     0.06532045424510619   0.0009378212626190608
   0.06532045424510619    -0.08931973851315428   0.0009378212626190608
   -0.9760007157319519     0.06532045424510619   0.0009378212626190608
   0.06532045424510617     -0.9760007157319519   0.0009378212626190608
   -0.9760007157319519    -0.08931973851315428   0.0009378212626190608
  -0.08931973851315429     -0.9760007157319519   0.0009378212626190608
   -0.7485140169349397      0.7240392259042017   0.0007278266610780992
    0.7240392259042017     -0.7485140169349396   0.0007278266610780992
    -0.975525208969262      0.7240392259042017   0.0007278266610780992
    0.7240392259042017     -0.9755252089692621   0.0007278266610780992
   -0.9755252089692621     -0.7485140169349396   0.0007278266610780992
   -0.7485140169349396     -0.9755252089692621   0.0007278266610780992
   -0.9458301004191795      0.9208864215601806   0.0003794709828084688
    0.9208864215601806     -0.9458301004191796   0.0003794709828084688
   -0.9750563211410012      0.9208864215601806   0.0003794709828084688
    0.9208864215601806      -0.975056321141001   0.0003794709828084688
    -0.975056321141001     -0.9458301004191796   0.0003794709828084688
   -0.9458301004191796      -0.975056321141001   0.0003794709828084688
   -0.7988831956651505        0.77200451940246   0.0006325571047920255
    0.7720045194024601     -0.7988831956651505   0.0006325571047920255
   -0.9731213237373095        0.77200451940246   0.0006325571047920255
      0.77200451940246     -0.9731213237373096   0.0006325571047920255
   -0.9731213237373095     -0.7988831956651505   0.0006325571047920255
   -0.7988831956651504     -0.9731213237373096   0.0006325571047920255
   -0.8578996527274775      0.8293572735619714    0.000574296187439874
    0.8293572735619714     -0.8578996527274776    0.000574296187439874
   -0.9714576208344939      0.8293572735619714    0.000574296187439874
    0.8293572735619714     -0.9714576208344938    0.000574296187439874
   -0.9714576208344938     -0.8578996527274776    0.000574296187439874
   -0.8578996527274776     -0.9714576208344938    0.000574296187439874
   -0.9231072640017965      0.8928629824363772   0.0004142347856496346
    0.8928629824363772     -0.9231072640017965   0.0004142347856496346
   -0.9697557184345806      0.8928629824363772   0.0004142347856496346
    0.8928629824363772     -0.9697557184345806   0.0004142347856496346
   -0.9697557184345806     -0.9231072640017965   0.0004142347856496346
   -0.9231072640017965     -0.9697557184345806   0.0004142347856496346
   -0.6974864350976353      0.6668047592805575   0.0007407982258451103
    0.6668047592805575     -0.6974864350976353   0.0007407982258451103
   -0.9693183241829222      0.6668047592805575   0.0007407982258451103
    0.6668047592805575     -0.9693183241829222   0.0007407982258451103
   -0.9693183241829222     -0.6974864350976353   0.0007407982258451103
   -0.6974864350976353     -0.9693183241829222   0.0007407982258451103
   -0.8959321387753066      0.8651944762067856   0.0005521153944249449
    0.8651944762067856     -0.8959321387753065   0.0005521153944249449
   -0.9692623374314789      0.8651944762067856   0.0005521153944249449
    0.8651944762067856      -0.969262337431479   0.0005521153944249449
    -0.969262337431479     -0.8959321387753065   0.0005521153944249449
   -0.8959321387753065      -0.969262337431479   0.0005521153944249449
   -0.1477064503214942        0.11419612127762    0.001234933367653887
    0.1141961212776199     -0.1477064503214942    0.001234933367653887
   -0.9664896709561257        0.11419612127762    0.001234933367653887
      0.11419612127762     -0.9664896709561257    0.001234933367653887
   -0.9664896709561257     -0.1477064503214942    0.001234933367653887
   -0.1477064503214942     -0.9664896709561257    0.001234933367653887
   -0.5538218822858105      0.5190167186083254   0.0006626725745579472
    0.5190167186083254     -0.5538218822858105   0.0006626725745579472
   -0.9651948363225149      0.5190167186083254   0.0006626725745579472
    0.5190167186083254     -0.9651948363225149   0.0006626725745579472
   -0.9651948363225149     -0.5538218822858105   0.0006626725745579472
   -0.5538218822858105     -0.9651948363225149   0.0006626725745579472
   -0.3742370434076749      0.3391353780601874   0.0006587205676221697
    0.3391353780601873     -0.3742370434076749   0.0006587205676221697
   -0.9648983346525124      0.3391353780601874   0.0006587205676221697
    0.3391353780601874     -0.9648983346525124   0.0006587205676221697
   -0.9648983346525124     -0.3742370434076749   0.0006587205676221697
   -0.3742370434076749     -0.9648983346525124   0.0006587205676221697
   -0.4227824069195704      0.3863802490880319    0.001051975246629532
    0.3863802490880319     -0.4227824069195704    0.001051975246629532
   -0.9635978421684614      0.3863802490880319    0.001051975246629532
    0.3863802490880319     -0.9635978421684616    0.001051975246629532
   -0.9635978421684614     -0.4227824069195704    0.001051975246629532
   -0.4227824069195704     -0.9635978421684616    0.001051975246629532
   -0.2759431318991705      0.2393545133331672    0.001233512851565364
    0.2393545133331672     -0.2759431318991705    0.001233512851565364
   -0.9634113814339966      0.2393545133331672    0.001233512851565364
    0.2393545133331672     -0.9634113814339966    0.001233512851565364
   -0.9634113814339966     -0.2759431318991705    0.001233512851565364
   -0.2759431318991705     -0.9634113814339966    0.001233512851565364
   -0.6515056235503875      0.6145953330527023    0.001021158802128301
    0.6145953330527023     -0.6515056235503875    0.001021158802128301
   -0.9630897095023148      0.6145953330527023    0.001021158802128301
    0.6145953330527023     -0.9630897095023148    0.001021158802128301
   -0.9630897095023148     -0.6515056235503875    0.001021158802128301
   -0.6515056235503875     -0.9630897095023148    0.001021158802128301
   -0.4919707907942004      0.4536323459688832    0.001086630480846765
    0.4536323459688832     -0.4919707907942004    0.001086630480846765
   -0.9616615551746828      0.4536323459688832    0.001086630480846765
    0.4536323459688832     -0.9616615551746827    0.001086630480846765
   -0.9616615551746828     -0.4919707907942004    0.001086630480846765
   -0.4919707907942004     -0.9616615551746827    0.001086630480846765
   -0.3385654747074043      0.2991120686412791    0.001090522070641142
    0.2991120686412791     -0.3385654747074043    0.001090522070641142
   -0.9605465939338749      0.2991120686412791    0.001090522070641142
    0.2991120686412791     -0.9605465939338749    0.001090522070641142
   -0.9605465939338749     -0.3385654747074043    0.001090522070641142
   -0.3385654747074043     -0.9605465939338749    0.001090522070641142
   -0.5990676933544234      0.5593443660297346   0.0009072015682487753
    0.5593443660297346     -0.5990676933544234   0.0009072015682487753
   -0.9602766726753111      0.5593443660297346   0.0009072015682487753
    0.5593443660297346     -0.9602766726753111   0.0009072015682487753
   -0.9602766726753111     -0.5990676933544234   0.0009072015682487753
   -0.5990676933544234     -0.9602766726753111   0.0009072015682487753
   -0.7204005972158714      0.6805695652266082   0.0006033846007439566
    0.6805695652266082     -0.7204005972158714   0.0006033846007439566
   -0.9601689680107368      0.6805695652266082   0.0006033846007439566
    0.6805695652266082     -0.9601689680107368   0.0006033846007439566
   -0.9601689680107368     -0.7204005972158714   0.0006033846007439566
   -0.7204005972158714     -0.9601689680107368   0.0006033846007439566
   -0.8257278799306673      0.7853486446292213   0.0008787427117927275
    0.7853486446292213     -0.8257278799306673   0.0008787427117927275
    -0.959620764698554      0.7853486446292213   0.0008787427117927275
    0.7853486446292213      -0.959620764698554   0.0008787427117927275
    -0.959620764698554     -0.8257278799306673   0.0008787427117927275
   -0.8257278799306673      -0.959620764698554   0.0008787427117927275
   -0.4630023231770519      0.4218747054274504   0.0002973443028660381
    0.4218747054274505     -0.4630023231770519   0.0002973443028660381
   -0.9588723822503986      0.4218747054274504   0.0002973443028660381
    0.4218747054274504     -0.9588723822503987   0.0002973443028660381
   -0.9588723822503986     -0.4630023231770519   0.0002973443028660381
   -0.4630023231770519     -0.9588723822503987   0.0002973443028660381
   -0.7694274905403851      0.7280943013287564   0.0009604527017923416
    0.7280943013287564     -0.7694274905403851   0.0009604527017923416
   -0.9586668107883713      0.7280943013287564   0.0009604527017923416
    0.7280943013287564     -0.9586668107883713   0.0009604527017923416
   -0.9586668107883713     -0.7694274905403851   0.0009604527017923416
   -0.7694274905403851     -0.9586668107883713   0.0009604527017923416
   -0.2136544083509195      0.1717846130280818    0.001398762576386017
    0.1717846130280818     -0.2136544083509195    0.001398762576386017
   -0.9581302046771623      0.1717846130280818    0.001398762576386017
    0.1717846130280818     -0.9581302046771623    0.001398762576386017
   -0.9581302046771623     -0.2136544083509195    0.001398762576386017
   -0.2136544083509195     -0.9581302046771623    0.001398762576386017
  -0.08156101757963891     0.03915159049720079    0.001390719691107218
   0.03915159049720079    -0.08156101757963885    0.001390719691107218
    -0.957590572917562     0.03915159049720079    0.001390719691107218
   0.03915159049720082      -0.957590572917562    0.001390719691107218
    -0.957590572917562    -0.08156101757963885    0.001390719691107218
  -0.08156101757963888      -0.957590572917562    0.001390719691107218
    -0.541142953490064      0.4960310028792123     0.00071162990492632
    0.4960310028792123      -0.541142953490064     0.00071162990492632
   -0.9548880493891483      0.4960310028792123     0.00071162990492632
    0.4960310028792123     -0.9548880493891483     0.00071162990492632
   -0.9548880493891483      -0.541142953490064     0.00071162990492632
    -0.541142953490064     -0.9548880493891483     0.00071162990492632
    -0.870347046535149      0.8241463159518336   0.0007710820538483792
    0.8241463159518336      -0.870347046535149   0.0007710820538483792
   -0.9537992694166846      0.8241463159518336   0.0007710820538483792
    0.8241463159518336     -0.9537992694166846   0.0007710820538483792
   -0.9537992694166846      -0.870347046535149   0.0007710820538483792
    -0.870347046535149     -0.9537992694166846   0.0007710820538483792
   -0.9356060595558808      0.8886683384140805   0.0005740097923901852
    0.8886683384140805     -0.9356060595558808   0.0005740097923901852
   -0.9530622788581997      0.8886683384140805   0.0005740097923901852
    0.8886683384140805     -0.9530622788581997   0.0005740097923901852
   -0.9530622788581997     -0.9356060595558808   0.0005740097923901852
   -0.9356060595558808     -0.9530622788581997   0.0005740097923901852
   -0.4217328383544811      0.3730116825061844   0.0001708149949573989
    0.3730116825061845      -0.421732838354481   0.0001708149949573989
   -0.9512788441517034      0.3730116825061844   0.0001708149949573989
    0.3730116825061844     -0.9512788441517035   0.0001708149949573989
   -0.9512788441517035      -0.421732838354481   0.0001708149949573989
   -0.4217328383544811     -0.9512788441517035   0.0001708149949573989
   -0.9058241555039674      0.8550578304644043   0.0006771923002117117
    0.8550578304644043     -0.9058241555039674   0.0006771923002117117
   -0.9492336749604369      0.8550578304644043   0.0006771923002117117
    0.8550578304644043     -0.9492336749604369   0.0006771923002117117
   -0.9492336749604369     -0.9058241555039674   0.0006771923002117117
   -0.9058241555039674     -0.9492336749604369   0.0006771923002117117
   -0.1480114232977199     0.09346854053645703    0.001450102307912564
   0.09346854053645703     -0.1480114232977199    0.001450102307912564
   -0.9454571172387372     0.09346854053645703    0.001450102307912564
   0.09346854053645703     -0.9454571172387372    0.001450102307912564
   -0.9454571172387372     -0.1480114232977199    0.001450102307912564
   -0.1480114232977199     -0.9454571172387372    0.001450102307912564
   -0.3165215558719991      0.2613274260154311   6.714938200190221e-05
     0.261327426015431     -0.3165215558719991   6.714938200190221e-05
   -0.9448058701434319      0.2613274260154311   6.714938200190221e-05
    0.2613274260154311     -0.9448058701434319   6.714938200190221e-05
   -0.9448058701434319     -0.3165215558719991   6.714938200190221e-05
   -0.3165215558719991     -0.9448058701434319   6.714938200190221e-05
   -0.2962535948125231      0.2408486960913767   0.0008268376232838579
    0.2408486960913767     -0.2962535948125231   0.0008268376232838579
   -0.9445951012788536      0.2408486960913767   0.0008268376232838579
    0.2408486960913767     -0.9445951012788536   0.0008268376232838579
   -0.9445951012788536     -0.2962535948125231   0.0008268376232838579
   -0.2962535948125231     -0.9445951012788536   0.0008268376232838579
   -0.7256837719940897      0.6695908152953809    0.001018417324063851
    0.6695908152953809     -0.7256837719940898    0.001018417324063851
   -0.9439070433012912      0.6695908152953809    0.001018417324063851
    0.6695908152953808     -0.9439070433012912    0.001018417324063851
    -0.943907043301291     -0.7256837719940898    0.001018417324063851
   -0.7256837719940897     -0.9439070433012912    0.001018417324063851
   -0.6739313120595155      0.6169804324938846    0.001348423974050656
    0.6169804324938846     -0.6739313120595154    0.001348423974050656
   -0.9430491204343691      0.6169804324938846    0.001348423974050656
    0.6169804324938846     -0.9430491204343692    0.001348423974050656
   -0.9430491204343692     -0.6739313120595154    0.001348423974050656
   -0.6739313120595154     -0.9430491204343692    0.001348423974050656
   -0.7995785834018871      0.7420566987975437   0.0009096442861266186
    0.7420566987975437     -0.7995785834018871   0.0009096442861266186
   -0.9424781153956565      0.7420566987975437   0.0009096442861266186
    0.7420566987975437     -0.9424781153956565   0.0009096442861266186
   -0.9424781153956565     -0.7995785834018871   0.0009096442861266186
   -0.7995785834018871     -0.9424781153956565   0.0009096442861266186
   -0.3946878883346648      0.3365980383363602   0.0007460304895542306
    0.3365980383363603     -0.3946878883346647   0.0007460304895542306
   -0.9419101500016955      0.3365980383363602   0.0007460304895542306
    0.3365980383363602     -0.9419101500016955   0.0007460304895542306
   -0.9419101500016955     -0.3946878883346647   0.0007460304895542306
   -0.3946878883346648     -0.9419101500016955   0.0007460304895542306
   -0.4254418238271229      0.3671423135499617   0.0008365815055626795
    0.3671423135499618     -0.4254418238271229   0.0008365815055626795
   -0.9417004897228389      0.3671423135499617   0.0008365815055626795
    0.3671423135499617      -0.941700489722839   0.0008365815055626795
   -0.9417004897228389     -0.4254418238271229   0.0008365815055626795
   -0.4254418238271229      -0.941700489722839   0.0008365815055626795
   -0.6140981339543599      0.5545285972192724    0.001431094462479844
    0.5545285972192724     -0.6140981339543599    0.001431094462479844
   -0.9404304632649125      0.5545285972192724    0.001431094462479844
    0.5545285972192724     -0.9404304632649125    0.001431094462479844
   -0.9404304632649125     -0.6140981339543599    0.001431094462479844
   -0.6140981339543599     -0.9404304632649125    0.001431094462479844
   -0.4772231593151421      0.4168169445626072    0.001111921159644139
    0.4168169445626072     -0.4772231593151422    0.001111921159644139
    -0.939593785247465      0.4168169445626072    0.001111921159644139
    0.4168169445626072     -0.9395937852474648    0.001111921159644139
    -0.939593785247465     -0.4772231593151422    0.001111921159644139
   -0.4772231593151421     -0.9395937852474648    0.001111921159644139
  -0.05212788183878192   -0.008583606302847879    0.001265577147478205
 -0.008583606302847824    -0.05212788183878198    0.001265577147478205
   -0.9392885118583703   -0.008583606302847879    0.001265577147478205
 -0.008583606302847845     -0.9392885118583703    0.001265577147478205
   -0.9392885118583703    -0.05212788183878198    0.001265577147478205
  -0.05212788183878194     -0.9392885118583703    0.001265577147478205
   -0.3548503167678633      0.2922932146733372    0.001333118277334929
    0.2922932146733373     -0.3548503167678632    0.001333118277334929
    -0.937442897905474      0.2922932146733372    0.001333118277334929
    0.2922932146733372      -0.937442897905474    0.001333118277334929
   -0.9374428979054741     -0.3548503167678632    0.001333118277334929
   -0.3548503167678633      -0.937442897905474    0.001333118277334929
   -0.2579809981086787      0.1953390840346044    0.001233597459209441
    0.1953390840346044     -0.2579809981086787    0.001233597459209441
   -0.9373580859259256      0.1953390840346044    0.001233597459209441
    0.1953390840346044     -0.9373580859259256    0.001233597459209441
   -0.9373580859259256     -0.2579809981086787    0.001233597459209441
   -0.2579809981086787     -0.9373580859259256    0.001233597459209441
   -0.5534395773152596      0.4902784915646704    0.001436817801696059
    0.4902784915646703     -0.5534395773152596    0.001436817801696059
   -0.9368389142494107      0.4902784915646704    0.001436817801696059
    0.4902784915646703     -0.9368389142494107    0.001436817801696059
   -0.9368389142494107     -0.5534395773152596    0.001436817801696059
   -0.5534395773152596     -0.9368389142494107    0.001436817801696059
   -0.8455911369433194      0.7821632210312077   0.0009921378642142196
    0.7821632210312077     -0.8455911369433193   0.0009921378642142196
   -0.9365720840878883      0.7821632210312077   0.0009921378642142196
    0.7821632210312078     -0.9365720840878883   0.0009921378642142196
   -0.9365720840878884     -0.8455911369433193   0.0009921378642142196
   -0.8455911369433194     -0.9365720840878883   0.0009921378642142196
   -0.2039551495686436      0.1379479999402485    0.001483962654544601
    0.1379479999402485     -0.2039551495686436    0.001483962654544601
   -0.9339928503716048      0.1379479999402485    0.001483962654544601
    0.1379479999402485     -0.9339928503716047    0.001483962654544601
   -0.9339928503716048     -0.2039551495686436    0.001483962654544601
   -0.2039551495686436     -0.9339928503716047    0.001483962654544601
   -0.5022798721693348      0.4357551058802978    0.000788456674407847
    0.4357551058802977     -0.5022798721693349    0.000788456674407847
    -0.933475233710963      0.4357551058802978    0.000788456674407847
    0.4357551058802978      -0.933475233710963    0.000788456674407847
   -0.9334752337109629     -0.5022798721693349    0.000788456674407847
   -0.5022798721693348      -0.933475233710963    0.000788456674407847
   -0.7628135884108105      0.6949937159910764    0.001012732968619733
    0.6949937159910764     -0.7628135884108105    0.001012732968619733
   -0.9321801275802659      0.6949937159910764    0.001012732968619733
    0.6949937159910764     -0.9321801275802659    0.001012732968619733
   -0.9321801275802659     -0.7628135884108105    0.001012732968619733
   -0.7628135884108105     -0.9321801275802659    0.001012732968619733
   -0.3827109087984824      0.3139246678030553   1.395850243186659e-05
    0.3139246678030552     -0.3827109087984824   1.395850243186659e-05
   -0.9312137590045728      0.3139246678030553   1.395850243186659e-05
    0.3139246678030553     -0.9312137590045727   1.395850243186659e-05
   -0.9312137590045728     -0.3827109087984824   1.395850243186659e-05
   -0.3827109087984824     -0.9312137590045727   1.395850243186659e-05
   -0.1101261414637588     0.04085759092752156      0.0013976846346067
   0.04085759092752156     -0.1101261414637589      0.0013976846346067
   -0.9307314494637626     0.04085759092752156      0.0013976846346067
   0.04085759092752154     -0.9307314494637626      0.0013976846346067
   -0.9307314494637626     -0.1101261414637589      0.0013976846346067
   -0.1101261414637588     -0.9307314494637626      0.0013976846346067
   -0.9215988335905878      0.8522043904894557   0.0004832325882546502
    0.8522043904894556     -0.9215988335905878   0.0004832325882546502
   -0.9306055568988678      0.8522043904894557   0.0004832325882546502
    0.8522043904894556     -0.9306055568988678   0.0004832325882546502
   -0.9306055568988678     -0.9215988335905878   0.0004832325882546502
   -0.9215988335905878     -0.9306055568988678   0.0004832325882546502
   -0.8866057259146189      0.8159661202264235   0.0008889695620002833
    0.8159661202264235     -0.8866057259146189   0.0008889695620002833
   -0.9293603943118045      0.8159661202264235   0.0008889695620002833
    0.8159661202264235     -0.9293603943118045   0.0008889695620002833
   -0.9293603943118045     -0.8866057259146189   0.0008889695620002833
   -0.8866057259146189     -0.9293603943118045   0.0008889695620002833
   -0.3085501532862303      0.2378824747904042    0.000690574482339334
    0.2378824747904043     -0.3085501532862303    0.000690574482339334
    -0.929332321504174      0.2378824747904042    0.000690574482339334
    0.2378824747904042      -0.929332321504174    0.000690574482339334
    -0.929332321504174     -0.3085501532862303    0.000690574482339334
   -0.3085501532862303      -0.929332321504174    0.000690574482339334
   -0.8150737137849542      0.7365950161636561    0.000872979109303465
    0.7365950161636561     -0.8150737137849542    0.000872979109303465
   -0.9215213023787019      0.7365950161636561    0.000872979109303465
    0.7365950161636561     -0.9215213023787019    0.000872979109303465
   -0.9215213023787019     -0.8150737137849542    0.000872979109303465
   -0.8150737137849542     -0.9215213023787019    0.000872979109303465
   -0.4345023481312049      0.3530916882460435    0.001452665500989362
    0.3530916882460435     -0.4345023481312049    0.001452665500989362
   -0.9185893401148386      0.3530916882460435    0.001452665500989362
    0.3530916882460435     -0.9185893401148386    0.001452665500989362
   -0.9185893401148386     -0.4345023481312049    0.001452665500989362
   -0.4345023481312049     -0.9185893401148386    0.001452665500989362
   -0.7083129360998268      0.6257218829784497    0.001546903319304595
    0.6257218829784497     -0.7083129360998268    0.001546903319304595
   -0.9174089468786228      0.6257218829784497    0.001546903319304595
    0.6257218829784497     -0.9174089468786228    0.001546903319304595
   -0.9174089468786228     -0.7083129360998268    0.001546903319304595
   -0.7083129360998268     -0.9174089468786228    0.001546903319304595
   -0.6524555270374388      0.5687957608325291    0.001643338677995178
    0.5687957608325291     -0.6524555270374388    0.001643338677995178
   -0.9163402337950903      0.5687957608325291    0.001643338677995178
    0.5687957608325291     -0.9163402337950903    0.001643338677995178
   -0.9163402337950903     -0.6524555270374388    0.001643338677995178
   -0.6524555270374388     -0.9163402337950903    0.001643338677995178
   -0.5952349628329223      0.5087687749747378    0.001517145963888699
    0.5087687749747378     -0.5952349628329223    0.001517145963888699
   -0.9135338121418155      0.5087687749747378    0.001517145963888699
    0.5087687749747378     -0.9135338121418155    0.001517145963888699
   -0.9135338121418155     -0.5952349628329223    0.001517145963888699
   -0.5952349628329223     -0.9135338121418155    0.001517145963888699
   -0.1639283392094553     0.07501129127613404    0.002193777711295119
   0.07501129127613404     -0.1639283392094553    0.002193777711295119
   -0.9110829520666788     0.07501129127613404    0.002193777711295119
   0.07501129127613404     -0.9110829520666788    0.002193777711295119
   -0.9110829520666788     -0.1639283392094553    0.002193777711295119
   -0.1639283392094553     -0.9110829520666788    0.002193777711295119
   -0.7531995749534126      0.6641785176834327   0.0008995004192005793
    0.6641785176834327     -0.7531995749534126   0.0008995004192005793
   -0.9109789427300201      0.6641785176834327   0.0008995004192005793
    0.6641785176834327     -0.9109789427300201   0.0008995004192005793
   -0.9109789427300201     -0.7531995749534126   0.0008995004192005793
   -0.7531995749534126     -0.9109789427300201   0.0008995004192005793
   -0.8623881852130166       0.772811026210711    0.000980187205155181
    0.7728110262107111     -0.8623881852130166    0.000980187205155181
   -0.9104228409976944       0.772811026210711    0.000980187205155181
    0.7728110262107111     -0.9104228409976944    0.000980187205155181
   -0.9104228409976944     -0.8623881852130166    0.000980187205155181
   -0.8623881852130166     -0.9104228409976944    0.000980187205155181
   -0.3755231965880255      0.2851860273571049    0.002042521018402455
    0.2851860273571049     -0.3755231965880254    0.002042521018402455
   -0.9096628307690795      0.2851860273571049    0.002042521018402455
    0.2851860273571049     -0.9096628307690796    0.002042521018402455
   -0.9096628307690795     -0.3755231965880254    0.002042521018402455
   -0.3755231965880255     -0.9096628307690796    0.002042521018402455
  -0.07949568188989492    -0.01119711788225852    0.002131957031192093
  -0.01119711788225858    -0.07949568188989486    0.002131957031192093
   -0.9093072002278466    -0.01119711788225852    0.002131957031192093
  -0.01119711788225856     -0.9093072002278466    0.002131957031192093
   -0.9093072002278466    -0.07949568188989486    0.002131957031192093
  -0.07949568188989489     -0.9093072002278466    0.002131957031192093
   -0.3062277967746306      0.2152550371404671    0.001927849154198732
    0.2152550371404672     -0.3062277967746306    0.001927849154198732
   -0.9090272403658365      0.2152550371404671    0.001927849154198732
    0.2152550371404671     -0.9090272403658366    0.001927849154198732
   -0.9090272403658366     -0.3062277967746306    0.001927849154198732
   -0.3062277967746306     -0.9090272403658366    0.001927849154198732
   -0.5108822854946751      0.4198343763592347    0.001619572232348961
    0.4198343763592347     -0.5108822854946751    0.001619572232348961
   -0.9089520908645596      0.4198343763592347    0.001619572232348961
    0.4198343763592348     -0.9089520908645596    0.001619572232348961
   -0.9089520908645596     -0.5108822854946751    0.001619572232348961
   -0.5108822854946751     -0.9089520908645596    0.001619572232348961
   -0.5537361299910735      0.4620186449147805   0.0009818093087710137
    0.4620186449147805     -0.5537361299910735   0.0009818093087710137
    -0.908282514923707      0.4620186449147805   0.0009818093087710137
    0.4620186449147805      -0.908282514923707   0.0009818093087710137
    -0.908282514923707     -0.5537361299910735   0.0009818093087710137
   -0.5537361299910735      -0.908282514923707   0.0009818093087710137
   -0.2394695483143619      0.1476498924399873    0.002061472648850811
    0.1476498924399874     -0.2394695483143618    0.002061472648850811
   -0.9081803441256255      0.1476498924399873    0.002061472648850811
    0.1476498924399873     -0.9081803441256255    0.002061472648850811
   -0.9081803441256255     -0.2394695483143618    0.002061472648850811
   -0.2394695483143619     -0.9081803441256255    0.002061472648850811
   -0.7892471490270698      0.6958405477948906   0.0009533807983910453
    0.6958405477948906     -0.7892471490270698   0.0009533807983910453
   -0.9065933987678207      0.6958405477948906   0.0009533807983910453
    0.6958405477948906     -0.9065933987678207   0.0009533807983910453
   -0.9065933987678207     -0.7892471490270698   0.0009533807983910453
   -0.7892471490270698     -0.9065933987678207   0.0009533807983910453
    -0.460127368427536      0.3641217649679657    0.001112512636388182
    0.3641217649679657     -0.4601273684275359    0.001112512636388182
   -0.9039943965404298      0.3641217649679657    0.001112512636388182
    0.3641217649679657     -0.9039943965404298    0.001112512636388182
   -0.9039943965404298     -0.4601273684275359    0.001112512636388182
    -0.460127368427536     -0.9039943965404298    0.001112512636388182
   -0.8319968608669062      0.7302279621028931    0.001039480866602258
    0.7302279621028931     -0.8319968608669062    0.001039480866602258
   -0.8982311012359869      0.7302279621028931    0.001039480866602258
    0.7302279621028931     -0.8982311012359869    0.001039480866602258
   -0.8982311012359869     -0.8319968608669062    0.001039480866602258
   -0.8319968608669062     -0.8982311012359869    0.001039480866602258
    -0.875710385281534      0.7620308174341424   0.0006912001241187266
    0.7620308174341424      -0.875710385281534   0.0006912001241187266
   -0.8863204321526084      0.7620308174341424   0.0006912001241187266
    0.7620308174341424     -0.8863204321526084   0.0006912001241187266
   -0.8863204321526084      -0.875710385281534   0.0006912001241187266
    -0.875710385281534     -0.8863204321526084   0.0006912001241187266
   -0.6886508357505792      0.5743547951843864    0.001856609693130564
    0.5743547951843864     -0.6886508357505792    0.001856609693130564
   -0.8857039594338072      0.5743547951843864    0.001856609693130564
    0.5743547951843864     -0.8857039594338072    0.001856609693130564
   -0.8857039594338072     -0.6886508357505792    0.001856609693130564
   -0.6886508357505792     -0.8857039594338072    0.001856609693130564
    -0.632882678782867      0.5178778417258467     0.00186562056527241
    0.5178778417258467      -0.632882678782867     0.00186562056527241
   -0.8849951629429798      0.5178778417258467     0.00186562056527241
    0.5178778417258467     -0.8849951629429798     0.00186562056527241
   -0.8849951629429798      -0.632882678782867     0.00186562056527241
    -0.632882678782867     -0.8849951629429798     0.00186562056527241
   -0.7405069070438046      0.6248396066461822    0.001600532702533157
    0.6248396066461823     -0.7405069070438046    0.001600532702533157
   -0.8843326996023777      0.6248396066461822    0.001600532702533157
    0.6248396066461822     -0.8843326996023778    0.001600532702533157
   -0.8843326996023777     -0.7405069070438046    0.001600532702533157
   -0.7405069070438045     -0.8843326996023778    0.001600532702533157
    -0.783115858522493      0.6659185976523296   0.0007366853933390475
    0.6659185976523296     -0.7831158585224931   0.0007366853933390475
   -0.8828027391298366      0.6659185976523296   0.0007366853933390475
    0.6659185976523296     -0.8828027391298365   0.0007366853933390475
   -0.8828027391298365     -0.7831158585224931   0.0007366853933390475
   -0.7831158585224931     -0.8828027391298365   0.0007366853933390475
   -0.5774253633867862      0.4598104659706412     0.00150618453886115
    0.4598104659706412     -0.5774253633867863     0.00150618453886115
   -0.8823851025838551      0.4598104659706412     0.00150618453886115
    0.4598104659706413     -0.8823851025838549     0.00150618453886115
   -0.8823851025838549     -0.5774253633867863     0.00150618453886115
   -0.5774253633867863     -0.8823851025838549     0.00150618453886115
   -0.1343946649641083     0.01636617027763604    0.002465235857653732
   0.01636617027763604     -0.1343946649641083    0.002465235857653732
   -0.8819715053135277     0.01636617027763604    0.002465235857653732
   0.01636617027763603     -0.8819715053135279    0.002465235857653732
   -0.8819715053135277     -0.1343946649641083    0.002465235857653732
   -0.1343946649641083     -0.8819715053135279    0.002465235857653732
   -0.4157810291983509       0.297271503192591    0.001950437635882407
    0.2972715031925909      -0.415781029198351    0.001950437635882407
   -0.8814904739942401       0.297271503192591    0.001950437635882407
     0.297271503192591     -0.8814904739942401    0.001950437635882407
     -0.88149047399424      -0.415781029198351    0.001950437635882407
   -0.4157810291983509     -0.8814904739942401    0.001950437635882407
   -0.2097579474254569     0.08792299418026911    0.002476434573952118
   0.08792299418026911     -0.2097579474254569    0.002476434573952118
   -0.8781650467548121     0.08792299418026911    0.002476434573952118
   0.08792299418026908     -0.8781650467548121    0.002476434573952118
   -0.8781650467548121     -0.2097579474254569    0.002476434573952118
   -0.2097579474254569     -0.8781650467548121    0.002476434573952118
   -0.3458132230257102      0.2233925459832741    0.002348927126344231
    0.2233925459832741     -0.3458132230257102    0.002348927126344231
   -0.8775793229575639      0.2233925459832741    0.002348927126344231
    0.2233925459832741      -0.877579322957564    0.002348927126344231
   -0.8775793229575639     -0.3458132230257102    0.002348927126344231
   -0.3458132230257102      -0.877579322957564    0.002348927126344231
   -0.4747838641410804      0.3518168505212728    0.001750692999374139
    0.3518168505212728     -0.4747838641410804    0.001750692999374139
   -0.8770329863801924      0.3518168505212728    0.001750692999374139
    0.3518168505212728     -0.8770329863801924    0.001750692999374139
   -0.8770329863801924     -0.4747838641410804    0.001750692999374139
   -0.4747838641410804     -0.8770329863801924    0.001750692999374139
   -0.2805550355280968      0.1567311610430244    0.002265281427916996
    0.1567311610430244     -0.2805550355280968    0.002265281427916996
   -0.8761761255149276      0.1567311610430244    0.002265281427916996
    0.1567311610430244     -0.8761761255149276    0.002265281427916996
   -0.8761761255149276     -0.2805550355280968    0.002265281427916996
   -0.2805550355280968     -0.8761761255149276    0.002265281427916996
   -0.5275118934750265      0.4028257207460293    0.001752514230686933
    0.4028257207460293     -0.5275118934750265    0.001752514230686933
   -0.8753138272710028      0.4028257207460293    0.001752514230686933
    0.4028257207460293     -0.8753138272710028    0.001752514230686933
   -0.8753138272710028     -0.5275118934750265    0.001752514230686933
   -0.5275118934750265     -0.8753138272710028    0.001752514230686933
   -0.8040511920422582       0.677700953596107    0.001043501668519408
     0.677700953596107     -0.8040511920422581    0.001043501668519408
   -0.8736497615538488       0.677700953596107    0.001043501668519408
    0.6777009535961069     -0.8736497615538488    0.001043501668519408
   -0.8736497615538489     -0.8040511920422581    0.001043501668519408
   -0.8040511920422582     -0.8736497615538488    0.001043501668519408
   -0.8438684013568196       0.712510914252155    0.001272555303667771
    0.7125109142521548     -0.8438684013568196    0.001272555303667771
   -0.8686425128953352       0.712510914252155    0.001272555303667771
    0.7125109142521548     -0.8686425128953352    0.001272555303667771
   -0.8686425128953352     -0.8438684013568196    0.001272555303667771
   -0.8438684013568196     -0.8686425128953352    0.001272555303667771
   -0.5814885229126768      0.4380865036269523    0.001210978000077026
    0.4380865036269523     -0.5814885229126769    0.001210978000077026
   -0.8565979807142755      0.4380865036269523    0.001210978000077026
    0.4380865036269524     -0.8565979807142754    0.001210978000077026
   -0.8565979807142754     -0.5814885229126769    0.001210978000077026
   -0.5814885229126769     -0.8565979807142754    0.001210978000077026
   -0.4043630934215401      0.2602996010053515      0.0014167321478959
    0.2602996010053515     -0.4043630934215401      0.0014167321478959
   -0.8559365075838115      0.2602996010053515      0.0014167321478959
    0.2602996010053515     -0.8559365075838115      0.0014167321478959
   -0.8559365075838115     -0.4043630934215401      0.0014167321478959
   -0.4043630934215401     -0.8559365075838115      0.0014167321478959
   -0.4254492170053303      0.2794711102952085   5.678945149569341e-05
    0.2794711102952085     -0.4254492170053303   5.678945149569341e-05
   -0.8540218932898782      0.2794711102952085   5.678945149569341e-05
    0.2794711102952085     -0.8540218932898782   5.678945149569341e-05
   -0.8540218932898782     -0.4254492170053303   5.678945149569341e-05
   -0.4254492170053303     -0.8540218932898782   5.678945149569341e-05
   -0.7692512194024297      0.6194373933107892    0.001630218485516845
    0.6194373933107893     -0.7692512194024297    0.001630218485516845
   -0.8501861739083596      0.6194373933107892    0.001630218485516845
    0.6194373933107893     -0.8501861739083596    0.001630218485516845
   -0.8501861739083596     -0.7692512194024297    0.001630218485516845
   -0.7692512194024297     -0.8501861739083596    0.001630218485516845
   -0.6278178079759531      0.4776671392271583    0.001699090614880327
    0.4776671392271583     -0.6278178079759531    0.001699090614880327
   -0.8498493312512052      0.4776671392271583    0.001699090614880327
    0.4776671392271583     -0.8498493312512052    0.001699090614880327
   -0.8498493312512052     -0.6278178079759531    0.001699090614880327
   -0.6278178079759531     -0.8498493312512052    0.001699090614880327
   -0.6749349631020943      0.5241751136318227    0.001864628077618126
    0.5241751136318227     -0.6749349631020944    0.001864628077618126
   -0.8492401505297283      0.5241751136318227    0.001864628077618126
    0.5241751136318227     -0.8492401505297282    0.001864628077618126
   -0.8492401505297282     -0.6749349631020944    0.001864628077618126
   -0.6749349631020944     -0.8492401505297282    0.001864628077618126
   -0.7228518137888719       0.571796221586931    0.001824581576094062
     0.571796221586931     -0.7228518137888718    0.001824581576094062
   -0.8489444077980591       0.571796221586931    0.001824581576094062
     0.571796221586931     -0.8489444077980592    0.001824581576094062
   -0.8489444077980592     -0.7228518137888718    0.001824581576094062
   -0.7228518137888718     -0.8489444077980592    0.001824581576094062
   -0.1535531830883415   0.0004137142509005876    0.002231194268740968
 0.0004137142509005876     -0.1535531830883414    0.002231194268740968
   -0.8468605311625592   0.0004137142509005876    0.002231194268740968
 0.0004137142509006014     -0.8468605311625592    0.002231194268740968
   -0.8468605311625592     -0.1535531830883414    0.002231194268740968
   -0.1535531830883415     -0.8468605311625592    0.002231194268740968
   -0.4707554571984635      0.3143122109147484    0.002005082839976344
    0.3143122109147484     -0.4707554571984635    0.002005082839976344
   -0.8435567537162849      0.3143122109147484    0.002005082839976344
    0.3143122109147484     -0.8435567537162849    0.002005082839976344
   -0.8435567537162849     -0.4707554571984635    0.002005082839976344
   -0.4707554571984635     -0.8435567537162849    0.002005082839976344
   -0.2182480113616347     0.05989098737703769    0.002578834569772611
   0.05989098737703769     -0.2182480113616347    0.002578834569772611
   -0.8416429760154029     0.05989098737703769    0.002578834569772611
   0.05989098737703766     -0.8416429760154029    0.002578834569772611
   -0.8416429760154029     -0.2182480113616347    0.002578834569772611
   -0.2182480113616348     -0.8416429760154029    0.002578834569772611
   -0.2881417007127988      0.1293457334668527    0.002599223094187907
    0.1293457334668527     -0.2881417007127989    0.002599223094187907
   -0.8412040327540538      0.1293457334668527    0.002599223094187907
    0.1293457334668527     -0.8412040327540538    0.002599223094187907
   -0.8412040327540538     -0.2881417007127989    0.002599223094187907
   -0.2881417007127988     -0.8412040327540538    0.002599223094187907
   -0.5267420495542816      0.3676821366927889    0.001889275006950779
    0.3676821366927889     -0.5267420495542816    0.001889275006950779
   -0.8409400871385073      0.3676821366927889    0.001889275006950779
    0.3676821366927889     -0.8409400871385073    0.001889275006950779
   -0.8409400871385073     -0.5267420495542816    0.001889275006950779
   -0.5267420495542816     -0.8409400871385073    0.001889275006950779
   -0.8162417027943841      0.6567461874560043    0.001435601398999666
    0.6567461874560043     -0.8162417027943842    0.001435601398999666
   -0.8405044846616202      0.6567461874560043    0.001435601398999666
    0.6567461874560043     -0.8405044846616201    0.001435601398999666
   -0.8405044846616201     -0.8162417027943842    0.001435601398999666
   -0.8162417027943842     -0.8405044846616201    0.001435601398999666
    -0.109511233408119    -0.05318306714152926    0.002020558427327177
  -0.05318306714152926      -0.109511233408119    0.002020558427327177
   -0.8373056994503516    -0.05318306714152926    0.002020558427327177
  -0.05318306714152927     -0.8373056994503516    0.002020558427327177
   -0.8373056994503516      -0.109511233408119    0.002020558427327177
    -0.109511233408119     -0.8373056994503516    0.002020558427327177
   -0.3563355409477675      0.1935182585645726    0.002724571280794803
    0.1935182585645726     -0.3563355409477676    0.002724571280794803
    -0.837182717616805      0.1935182585645726    0.002724571280794803
    0.1935182585645726      -0.837182717616805    0.002724571280794803
    -0.837182717616805     -0.3563355409477676    0.002724571280794803
   -0.3563355409477675      -0.837182717616805    0.002724571280794803
   -0.5768746487304037      0.4043248699970513    0.001881908630979919
    0.4043248699970513     -0.5768746487304037    0.001881908630979919
   -0.8274502212666475      0.4043248699970513    0.001881908630979919
    0.4043248699970513     -0.8274502212666475    0.001881908630979919
   -0.8274502212666475     -0.5768746487304037    0.001881908630979919
   -0.5768746487304037     -0.8274502212666475    0.001881908630979919
   -0.4285600699377671      0.2559382375279772    0.002014354707235128
    0.2559382375279772     -0.4285600699377671    0.002014354707235128
   -0.8273781675902101      0.2559382375279772    0.002014354707235128
    0.2559382375279772     -0.8273781675902101    0.002014354707235128
   -0.8273781675902101     -0.4285600699377671    0.002014354707235128
   -0.4285600699377671     -0.8273781675902101    0.002014354707235128
   -0.7837280837547962      0.5969678691209837    0.001765254619164995
    0.5969678691209837     -0.7837280837547962    0.001765254619164995
   -0.8132397853661875      0.5969678691209837    0.001765254619164995
    0.5969678691209837     -0.8132397853661875    0.001765254619164995
   -0.8132397853661875     -0.7837280837547962    0.001765254619164995
   -0.7837280837547962     -0.8132397853661875    0.001765254619164995
   -0.6308033758106937      0.4424834569369018    0.002157136219120327
    0.4424834569369018     -0.6308033758106937    0.002157136219120327
   -0.8116800811262082      0.4424834569369018    0.002157136219120327
    0.4424834569369018     -0.8116800811262082    0.002157136219120327
   -0.8116800811262082     -0.6308033758106937    0.002157136219120327
   -0.6308033758106937     -0.8116800811262082    0.002157136219120327
    -0.736554157940131      0.5452475742794427    0.002134041321878658
    0.5452475742794427     -0.7365541579401311    0.002134041321878658
   -0.8086934163393117      0.5452475742794427    0.002134041321878658
    0.5452475742794427     -0.8086934163393116    0.002134041321878658
   -0.8086934163393116     -0.7365541579401311    0.002134041321878658
   -0.7365541579401311     -0.8086934163393116    0.002134041321878658
   -0.5079077284935385      0.3162759554534589    0.001862677217594445
    0.3162759554534589     -0.5079077284935385    0.001862677217594445
   -0.8083682269599204      0.3162759554534589    0.001862677217594445
    0.3162759554534589     -0.8083682269599204    0.001862677217594445
   -0.8083682269599204     -0.5079077284935385    0.001862677217594445
   -0.5079077284935385     -0.8083682269599204    0.001862677217594445
   -0.6850403196015683      0.4928392059964946    0.002309559954809333
    0.4928392059964946     -0.6850403196015682    0.002309559954809333
   -0.8077988863949263      0.4928392059964946    0.002309559954809333
    0.4928392059964945     -0.8077988863949264    0.002309559954809333
   -0.8077988863949264     -0.6850403196015682    0.002309559954809333
   -0.6850403196015682     -0.8077988863949264    0.002309559954809333
   -0.2676434151766267     0.07114043246506285    0.002772338766101242
   0.07114043246506285     -0.2676434151766267    0.002772338766101242
   -0.8034970172884361     0.07114043246506285    0.002772338766101242
   0.07114043246506288     -0.8034970172884361    0.002772338766101242
   -0.8034970172884361     -0.2676434151766267    0.002772338766101242
   -0.2676434151766267     -0.8034970172884361    0.002772338766101242
   -0.1949624966617741    -0.00279098346152179    0.003117273902293246
 -0.002790983461521734     -0.1949624966617742    0.003117273902293246
   -0.8022465198767041    -0.00279098346152179    0.003117273902293246
 -0.002790983461521748     -0.8022465198767041    0.003117273902293246
   -0.8022465198767041     -0.1949624966617742    0.003117273902293246
   -0.1949624966617741     -0.8022465198767041    0.003117273902293246
   -0.1367438144267974    -0.06348285709379708    0.001956551853452052
  -0.06348285709379708     -0.1367438144267974    0.001956551853452052
   -0.7997733284794055    -0.06348285709379708    0.001956551853452052
  -0.06348285709379711     -0.7997733284794055    0.001956551853452052
   -0.7997733284794055     -0.1367438144267974    0.001956551853452052
   -0.1367438144267974     -0.7997733284794055    0.001956551853452052
   -0.1018623972935528     -0.1000117102955782    0.000569642197320007
   -0.1000117102955782     -0.1018623972935528    0.000569642197320007
    -0.798125892410869     -0.1000117102955782    0.000569642197320007
   -0.1000117102955782      -0.798125892410869    0.000569642197320007
    -0.798125892410869     -0.1018623972935528    0.000569642197320007
   -0.1018623972935528      -0.798125892410869    0.000569642197320007
   -0.3373810354136219      0.1337278155957233    0.003086617473246767
    0.1337278155957233     -0.3373810354136219    0.003086617473246767
   -0.7963467801821015      0.1337278155957233    0.003086617473246767
    0.1337278155957233     -0.7963467801821014    0.003086617473246767
   -0.7963467801821015     -0.3373810354136219    0.003086617473246767
   -0.3373810354136219     -0.7963467801821014    0.003086617473246767
   -0.4067245910654367      0.2004665024122513    0.002891774685003194
    0.2004665024122513     -0.4067245910654366    0.002891774685003194
   -0.7937419113468147      0.2004665024122513    0.002891774685003194
    0.2004665024122513     -0.7937419113468147    0.002891774685003194
   -0.7937419113468147     -0.4067245910654366    0.002891774685003194
   -0.4067245910654367     -0.7937419113468147    0.002891774685003194
   -0.5590119463307566      0.3506089175663658    0.002275662797957214
    0.3506089175663658     -0.5590119463307566    0.002275662797957214
   -0.7915969712356092      0.3506089175663658    0.002275662797957214
    0.3506089175663658     -0.7915969712356092    0.002275662797957214
   -0.7915969712356092     -0.5590119463307566    0.002275662797957214
   -0.5590119463307566     -0.7915969712356092    0.002275662797957214
   -0.4743613498949286      0.2632935452013712    0.002514906773812436
    0.2632935452013712     -0.4743613498949286    0.002514906773812436
   -0.7889321953064425      0.2632935452013712    0.002514906773812436
    0.2632935452013712     -0.7889321953064425    0.002514906773812436
   -0.7889321953064425     -0.4743613498949286    0.002514906773812436
   -0.4743613498949286     -0.7889321953064425    0.002514906773812436
   -0.6085931811527763      0.3862777028410904    0.002083258201247538
    0.3862777028410904     -0.6085931811527763    0.002083258201247538
   -0.7776845216883141      0.3862777028410904    0.002083258201247538
    0.3862777028410904     -0.7776845216883141    0.002083258201247538
   -0.7776845216883141     -0.6085931811527763    0.002083258201247538
   -0.6085931811527763     -0.7776845216883141    0.002083258201247538
   -0.2617068011894643      0.0269448105352994    0.002388035451936377
    0.0269448105352994     -0.2617068011894643    0.002388035451936377
   -0.7652380093458351      0.0269448105352994    0.002388035451936377
   0.02694481053529939     -0.7652380093458351    0.002388035451936377
   -0.7652380093458351     -0.2617068011894643    0.002388035451936377
   -0.2617068011894643     -0.7652380093458351    0.002388035451936377
   -0.6623538537866327      0.4273779227146444    0.002455653534014675
    0.4273779227146444     -0.6623538537866327    0.002455653534014675
   -0.7650240689280117      0.4273779227146444    0.002455653534014675
    0.4273779227146444     -0.7650240689280117    0.002455653534014675
   -0.7650240689280117     -0.6623538537866327    0.002455653534014675
   -0.6623538537866327     -0.7650240689280117    0.002455653534014675
   -0.7165964256325563      0.4785653137238267    0.002542642963177402
    0.4785653137238267     -0.7165964256325563    0.002542642963177402
   -0.7619688880912703      0.4785653137238267    0.002542642963177402
    0.4785653137238266     -0.7619688880912703    0.002542642963177402
   -0.7619688880912703     -0.7165964256325563    0.002542642963177402
   -0.7165964256325563     -0.7619688880912703    0.002542642963177402
   -0.1569780562404781    -0.08472376937723558     0.00296475332661241
  -0.08472376937723552     -0.1569780562404781     0.00296475332661241
   -0.7582981743822863    -0.08472376937723558     0.00296475332661241
  -0.08472376937723552     -0.7582981743822863     0.00296475332661241
   -0.7582981743822863     -0.1569780562404781     0.00296475332661241
   -0.1569780562404781     -0.7582981743822863     0.00296475332661241
   -0.5343362054105461      0.2882217928680361    0.002994787936304892
    0.2882217928680362     -0.5343362054105461    0.002994787936304892
   -0.7538855874574901      0.2882217928680361    0.002994787936304892
    0.2882217928680362     -0.7538855874574901    0.002994787936304892
   -0.7538855874574901     -0.5343362054105461    0.002994787936304892
   -0.5343362054105461     -0.7538855874574901    0.002994787936304892
   -0.3241349328364775     0.07536024471903069    0.003175645589011112
   0.07536024471903069     -0.3241349328364775    0.003175645589011112
   -0.7512253118825531     0.07536024471903069    0.003175645589011112
   0.07536024471903068     -0.7512253118825531    0.003175645589011112
   -0.7512253118825531     -0.3241349328364775    0.003175645589011112
   -0.3241349328364775     -0.7512253118825531    0.003175645589011112
     -0.21970482757044    -0.03084563335725216    0.002844146238000162
  -0.03084563335725216       -0.21970482757044    0.002844146238000162
   -0.7494495390723079    -0.03084563335725216    0.002844146238000162
  -0.03084563335725213     -0.7494495390723079    0.002844146238000162
   -0.7494495390723079       -0.21970482757044    0.002844146238000162
     -0.21970482757044     -0.7494495390723079    0.002844146238000162
   -0.3929034736135701      0.1418196316898958    0.003292752356292207
    0.1418196316898958     -0.3929034736135701    0.003292752356292207
   -0.7489161580763257      0.1418196316898958    0.003292752356292207
    0.1418196316898958     -0.7489161580763257    0.003292752356292207
   -0.7489161580763257     -0.3929034736135701    0.003292752356292207
   -0.3929034736135701     -0.7489161580763257    0.003292752356292207
   -0.4608604181267243      0.2078358758366234    0.003097644356187877
    0.2078358758366234     -0.4608604181267243    0.003097644356187877
   -0.7469754577098991      0.2078358758366234    0.003097644356187877
    0.2078358758366234     -0.7469754577098991    0.003097644356187877
    -0.746975457709899     -0.4608604181267243    0.003097644356187877
   -0.4608604181267243     -0.7469754577098991    0.003097644356187877
   -0.5995032645114238      0.3352238114582577    0.002935913096135129
    0.3352238114582577     -0.5995032645114238    0.002935913096135129
    -0.735720546946834      0.3352238114582577    0.002935913096135129
    0.3352238114582577      -0.735720546946834    0.002935913096135129
    -0.735720546946834     -0.5995032645114238    0.002935913096135129
   -0.5995032645114238      -0.735720546946834    0.002935913096135129
   -0.5088673135189379      0.2317432046682957    0.001498143385118544
    0.2317432046682957     -0.5088673135189379    0.001498143385118544
   -0.7228758911493578      0.2317432046682957    0.001498143385118544
    0.2317432046682957     -0.7228758911493578    0.001498143385118544
   -0.7228758911493578     -0.5088673135189379    0.001498143385118544
   -0.5088673135189379     -0.7228758911493578    0.001498143385118544
   -0.6582630667387046      0.3796092582488734    0.002501084751733968
    0.3796092582488735     -0.6582630667387046    0.002501084751733968
   -0.7213461915101689      0.3796092582488734    0.002501084751733968
    0.3796092582488735     -0.7213461915101689    0.002501084751733968
   -0.7213461915101689     -0.6582630667387046    0.002501084751733968
   -0.6582630667387046     -0.7213461915101689    0.002501084751733968
   -0.1455148887888052     -0.1382147339358117    0.001657765672528382
   -0.1382147339358118     -0.1455148887888051    0.001657765672528382
   -0.7162703772753831     -0.1382147339358117    0.001657765672528382
   -0.1382147339358118     -0.7162703772753831    0.001657765672528382
   -0.7162703772753831     -0.1455148887888051    0.001657765672528382
   -0.1455148887888052     -0.7162703772753831    0.001657765672528382
   -0.2892205149759154   -0.001631950535505133    0.003814314380882733
 -0.001631950535505078     -0.2892205149759155    0.003814314380882733
   -0.7091475344885794   -0.001631950535505133    0.003814314380882733
 -0.001631950535505078     -0.7091475344885794    0.003814314380882733
   -0.7091475344885794     -0.2892205149759155    0.003814314380882733
   -0.2892205149759154     -0.7091475344885794    0.003814314380882733
   -0.3655778506568135     0.06616376552974051    0.003624316917240761
   0.06616376552974051     -0.3655778506568135    0.003624316917240761
    -0.700585914872927     0.06616376552974051    0.003624316917240761
   0.06616376552974051      -0.700585914872927    0.003624316917240761
    -0.700585914872927     -0.3655778506568135    0.003624316917240761
   -0.3655778506568135      -0.700585914872927    0.003624316917240761
   -0.2172449329862713    -0.08246482565811841    0.003826869517374452
  -0.08246482565811841     -0.2172449329862713    0.003826869517374452
   -0.7002902413556102    -0.08246482565811841    0.003826869517374452
  -0.08246482565811841     -0.7002902413556102    0.003826869517374452
   -0.7002902413556102     -0.2172449329862713    0.003826869517374452
   -0.2172449329862713     -0.7002902413556102    0.003826869517374452
    -0.562508071115827      0.2612617666565735    0.002926660765597754
    0.2612617666565735      -0.562508071115827    0.002926660765597754
   -0.6987536955407465      0.2612617666565735    0.002926660765597754
    0.2612617666565735     -0.6987536955407465    0.002926660765597754
   -0.6987536955407465      -0.562508071115827    0.002926660765597754
    -0.562508071115827     -0.6987536955407465    0.002926660765597754
   -0.4360281116032354      0.1340746444738201    0.003566767205126913
    0.1340746444738201     -0.4360281116032354    0.003566767205126913
   -0.6980465328705847      0.1340746444738201    0.003566767205126913
    0.1340746444738201     -0.6980465328705847    0.003566767205126913
   -0.6980465328705847     -0.4360281116032354    0.003566767205126913
   -0.4360281116032354     -0.6980465328705847    0.003566767205126913
   -0.5014333739487775      0.1894006983117801    0.002967131673111164
    0.1894006983117802     -0.5014333739487775    0.002967131673111164
   -0.6879673243630027      0.1894006983117801    0.002967131673111164
    0.1894006983117802     -0.6879673243630027    0.002967131673111164
   -0.6879673243630027     -0.5014333739487775    0.002967131673111164
   -0.5014333739487775     -0.6879673243630027    0.002967131673111164
   -0.6227288301930154      0.3037150488237714    0.002792764914847717
    0.3037150488237714     -0.6227288301930154    0.002792764914847717
    -0.680986218630756      0.3037150488237714    0.002792764914847717
    0.3037150488237714      -0.680986218630756    0.002792764914847717
    -0.680986218630756     -0.6227288301930154    0.002792764914847717
   -0.6227288301930154      -0.680986218630756    0.002792764914847717
   -0.1705071603225295     -0.1662114896700631    0.001835092681619557
   -0.1662114896700631     -0.1705071603225294    0.001835092681619557
   -0.6632813500074075     -0.1662114896700631    0.001835092681619557
   -0.1662114896700631     -0.6632813500074075    0.001835092681619557
   -0.6632813500074075     -0.1705071603225294    0.001835092681619557
   -0.1705071603225295     -0.6632813500074075    0.001835092681619557
   -0.2854203833429552    -0.05830781466380852    0.003232073052755802
  -0.05830781466380852     -0.2854203833429552    0.003232073052755802
   -0.6562718019932363    -0.05830781466380852    0.003232073052755802
  -0.05830781466380849     -0.6562718019932363    0.003232073052755802
   -0.6562718019932363     -0.2854203833429552    0.003232073052755802
   -0.2854203833429552     -0.6562718019932363    0.003232073052755802
   -0.3476894197660203   0.0003033643691430221    0.003498998685479109
 0.0003033643691430221     -0.3476894197660203    0.003498998685479109
   -0.6526139446031227   0.0003033643691430221    0.003498998685479109
 0.0003033643691430221     -0.6526139446031227    0.003498998685479109
   -0.6526139446031227     -0.3476894197660203    0.003498998685479109
   -0.3476894197660203     -0.6526139446031227    0.003498998685479109
   -0.5771183086271308      0.2276168978585651    0.002210468391358827
    0.2276168978585651     -0.5771183086271308    0.002210468391358827
   -0.6504985892314343      0.2276168978585651    0.002210468391358827
    0.2276168978585651     -0.6504985892314343    0.002210468391358827
   -0.6504985892314343     -0.5771183086271308    0.002210468391358827
   -0.5771183086271308     -0.6504985892314343    0.002210468391358827
   -0.4176712118868668     0.06359553026421771    0.003591718098373678
   0.06359553026421771     -0.4176712118868668    0.003591718098373678
   -0.6459243183773509     0.06359553026421771    0.003591718098373678
   0.06359553026421774     -0.6459243183773509    0.003591718098373678
   -0.6459243183773509     -0.4176712118868668    0.003591718098373678
   -0.4176712118868668     -0.6459243183773509    0.003591718098373678
    -0.236589576581981     -0.1230174191901006    0.003209479524581233
   -0.1230174191901006      -0.236589576581981    0.003209479524581233
   -0.6403930042279184     -0.1230174191901006    0.003209479524581233
   -0.1230174191901006     -0.6403930042279184    0.003209479524581233
   -0.6403930042279184      -0.236589576581981    0.003209479524581233
    -0.236589576581981     -0.6403930042279184    0.003209479524581233
   -0.4807234309320654      0.1194025060337873    0.003389698597838877
    0.1194025060337873     -0.4807234309320654    0.003389698597838877
   -0.6386790751017219      0.1194025060337873    0.003389698597838877
    0.1194025060337873     -0.6386790751017219    0.003389698597838877
   -0.6386790751017219     -0.4807234309320654    0.003389698597838877
   -0.4807234309320654     -0.6386790751017219    0.003389698597838877
   -0.5393590559132506      0.1766887237417889    0.002772372167466621
    0.1766887237417889     -0.5393590559132506    0.002772372167466621
   -0.6373296678285383      0.1766887237417889    0.002772372167466621
    0.1766887237417889     -0.6373296678285383    0.002772372167466621
   -0.6373296678285383     -0.5393590559132506    0.002772372167466621
   -0.5393590559132506     -0.6373296678285383    0.002772372167466621
   -0.6243568454781036      0.2520946584548327    0.001445999696479724
    0.2520946584548327     -0.6243568454781036    0.001445999696479724
   -0.6277378129767291      0.2520946584548327    0.001445999696479724
    0.2520946584548326     -0.6277378129767293    0.001445999696479724
   -0.6277378129767291     -0.6243568454781036    0.001445999696479724
   -0.6243568454781034     -0.6277378129767293    0.001445999696479724
   -0.2530820224149086     -0.1428200179939019   0.0008768873762216851
   -0.1428200179939018     -0.2530820224149086   0.0008768873762216851
   -0.6040979595911895     -0.1428200179939019   0.0008768873762216851
   -0.1428200179939018     -0.6040979595911895   0.0008768873762216851
   -0.6040979595911895     -0.2530820224149086   0.0008768873762216851
   -0.2530820224149086     -0.6040979595911895   0.0008768873762216851
   -0.3249332927309083    -0.07728964151420714    0.003924642605032772
   -0.0772896415142072     -0.3249332927309082    0.003924642605032772
   -0.5977770657548844    -0.07728964151420714    0.003924642605032772
   -0.0772896415142072     -0.5977770657548844    0.003924642605032772
   -0.5977770657548844     -0.3249332927309082    0.003924642605032772
   -0.3249332927309083     -0.5977770657548844    0.003924642605032772
   -0.3925334604409841    -0.01061264830381636    0.003678421957570964
  -0.01061264830381631     -0.3925334604409841    0.003678421957570964
   -0.5968538912551997    -0.01061264830381636    0.003678421957570964
  -0.01061264830381631     -0.5968538912551997    0.003678421957570964
   -0.5968538912551997     -0.3925334604409841    0.003678421957570964
   -0.3925334604409841     -0.5968538912551997    0.003678421957570964
   -0.4607306988618187     0.04381429928793923    0.003873888495207627
   0.04381429928793917     -0.4607306988618188    0.003873888495207627
   -0.5830836004261204     0.04381429928793923    0.003873888495207627
    0.0438142992879392     -0.5830836004261203    0.003873888495207627
   -0.5830836004261204     -0.4607306988618188    0.003873888495207627
   -0.4607306988618187     -0.5830836004261203    0.003873888495207627
   -0.5254988145004836      0.1066111178486906     0.00372840022652304
    0.1066111178486906     -0.5254988145004836     0.00372840022652304
    -0.581112303348207      0.1066111178486906     0.00372840022652304
    0.1066111178486905     -0.5811123033482071     0.00372840022652304
    -0.581112303348207     -0.5254988145004836     0.00372840022652304
   -0.5254988145004835     -0.5811123033482071     0.00372840022652304
   -0.2763430856046769     -0.1446228437659409    0.002757236823257802
   -0.1446228437659409     -0.2763430856046769    0.002757236823257802
   -0.5790340706293824     -0.1446228437659409    0.002757236823257802
   -0.1446228437659409     -0.5790340706293824    0.002757236823257802
   -0.5790340706293824     -0.2763430856046769    0.002757236823257802
   -0.2763430856046769     -0.5790340706293824    0.002757236823257802
   -0.3903233594793957    -0.06827062912736209    0.003661707753040764
  -0.06827062912736212     -0.3903233594793956    0.003661707753040764
   -0.5414060113932422    -0.06827062912736209    0.003661707753040764
  -0.06827062912736212     -0.5414060113932422    0.003661707753040764
   -0.5414060113932422     -0.3903233594793956    0.003661707753040764
   -0.3903233594793957     -0.5414060113932422    0.003661707753040764
   -0.2610077202511426     -0.2019306827496554    0.003295938541427846
   -0.2019306827496553     -0.2610077202511425    0.003295938541427846
   -0.5370615969992021     -0.2019306827496554    0.003295938541427846
   -0.2019306827496553     -0.5370615969992021    0.003295938541427846
   -0.5370615969992021     -0.2610077202511425    0.003295938541427846
   -0.2610077202511426     -0.5370615969992021    0.003295938541427846
   -0.3350460534449435     -0.1356166927351357    0.003964963960950657
   -0.1356166927351356     -0.3350460534449435    0.003964963960950657
   -0.5293372538199208     -0.1356166927351357    0.003964963960950657
   -0.1356166927351356     -0.5293372538199208    0.003964963960950657
   -0.5293372538199208     -0.3350460534449435    0.003964963960950657
   -0.3350460534449435     -0.5293372538199208    0.003964963960950657
    -0.453143521947392    -0.01940161298428023    0.003605936375960234
  -0.01940161298428023      -0.453143521947392    0.003605936375960234
   -0.5274548650683277    -0.01940161298428023    0.003605936375960234
   -0.0194016129842802     -0.5274548650683277    0.003605936375960234
   -0.5274548650683277      -0.453143521947392    0.003605936375960234
    -0.453143521947392     -0.5274548650683277    0.003605936375960234
   -0.2893302660931269     -0.2200213652857631    0.002523413400650243
   -0.2200213652857632     -0.2893302660931268    0.002523413400650243
   -0.4906483686211099     -0.2200213652857631    0.002523413400650243
   -0.2200213652857632     -0.4906483686211099    0.002523413400650243
   -0.4906483686211099     -0.2893302660931268    0.002523413400650243
   -0.2893302660931269     -0.4906483686211099    0.002523413400650243
   -0.4081980311713236     -0.1170340732561828     0.00422212673121045
   -0.1170340732561828     -0.4081980311713236     0.00422212673121045
   -0.4747678955724937     -0.1170340732561828     0.00422212673121045
   -0.1170340732561828     -0.4747678955724937     0.00422212673121045
   -0.4747678955724937     -0.4081980311713236     0.00422212673121045
   -0.4081980311713236     -0.4747678955724937     0.00422212673121045
   -0.3462115657469097     -0.1878345352269503    0.003775466205661803
   -0.1878345352269503     -0.3462115657469096    0.003775466205661803
     -0.46595389902614     -0.1878345352269503    0.003775466205661803
   -0.1878345352269503       -0.46595389902614    0.003775466205661803
     -0.46595389902614     -0.3462115657469096    0.003775466205661803
   -0.3462115657469097       -0.46595389902614    0.003775466205661803
   -0.3445793392149887     -0.2502704245922036    0.004018947181107293
   -0.2502704245922036     -0.3445793392149887    0.004018947181107293
   -0.4051502361928077     -0.2502704245922036    0.004018947181107293
   -0.2502704245922036     -0.4051502361928077    0.004018947181107293
   -0.4051502361928077     -0.3445793392149887    0.004018947181107293
   -0.3445793392149887     -0.4051502361928077    0.004018947181107293

