# Rule degree: 81
  -0.9201258280633611     0.8402516561267221   0.000805869935050792
   0.8402516561267221    -0.9201258280633611   0.000805869935050792
  -0.9201258280633611    -0.9201258280633611   0.000805869935050792
  -0.8801221845759702     0.7602443691519405   0.001286885099270143
   0.7602443691519406    -0.8801221845759702   0.001286885099270143
  -0.8801221845759702    -0.8801221845759702   0.001286885099270143
  -0.8370563342563726     0.6741126685127452    0.00158675396214967
   0.6741126685127452    -0.8370563342563726    0.00158675396214967
  -0.8370563342563726    -0.8370563342563726    0.00158675396214967
  -0.7983009169891292     0.5966018339782584   0.001915224960189178
   0.5966018339782583    -0.7983009169891292   0.001915224960189178
  -0.7983009169891292    -0.7983009169891292   0.001915224960189178
  -0.7595241589896262     0.5190483179792524  4.271707771234756e-05
   0.5190483179792524    -0.7595241589896262  4.271707771234756e-05
  -0.7595241589896262    -0.7595241589896262  4.271707771234756e-05
  -0.7479466124950317     0.4958932249900634   0.001921345674387254
   0.4958932249900633    -0.7479466124950318   0.001921345674387254
  -0.7479466124950316    -0.7479466124950318   0.001921345674387254
  -0.7289492367515089     0.4578984735030179   0.001247009420170077
   0.4578984735030178    -0.7289492367515089   0.001247009420170077
  -0.7289492367515089    -0.7289492367515089   0.001247009420170077
  -0.6731759798070065      0.346351959614013   0.003273872721977926
    0.346351959614013    -0.6731759798070065   0.003273872721977926
  -0.6731759798070065    -0.6731759798070065   0.003273872721977926
  -0.6282480130870964     0.2564960261741929   0.002999511568869462
   0.2564960261741929    -0.6282480130870964   0.002999511568869462
  -0.6282480130870964    -0.6282480130870964   0.002999511568869462
  -0.5922961410952851     0.1845922821905701   0.003181778522310429
   0.1845922821905701    -0.5922961410952849   0.003181778522310429
  -0.5922961410952851    -0.5922961410952849   0.003181778522310429
  -0.5307431611836035    0.06148632236720702   0.003833423130314297
  0.06148632236720705    -0.5307431611836035   0.003833423130314297
  -0.5307431611836035    -0.5307431611836035   0.003833423130314297
  -0.4505658360081892   -0.09886832798362155    0.00397410249613827
 -0.09886832798362155    -0.4505658360081892    0.00397410249613827
  -0.4505658360081892    -0.4505658360081892    0.00397410249613827
  -0.3846665333359238    -0.2306669333281524   0.004371612502339446
  -0.2306669333281524    -0.3846665333359238   0.004371612502339446
  -0.3846665333359238    -0.3846665333359238   0.004371612502339446
  -0.3532675096783399    -0.2934649806433203   0.002422334582971337
  -0.2934649806433203    -0.3532675096783398   0.002422334582971337
  -0.3532675096783399    -0.3532675096783398   0.002422334582971337
  -0.3037452654390203    -0.3925094691219595   0.003472061583620094
  -0.3925094691219595    -0.3037452654390203   0.003472061583620094
  -0.3037452654390203    -0.3037452654390203   0.003472061583620094
  -0.2534678153386053    -0.4930643693227894   0.002925522511516585
  -0.4930643693227894    -0.2534678153386052   0.002925522511516585
  -0.2534678153386053    -0.2534678153386052   0.002925522511516585
  -0.2336153206100146    -0.5327693587799709    0.00310361462743397
  -0.5327693587799709    -0.2336153206100145    0.00310361462743397
  -0.2336153206100146    -0.2336153206100145    0.00310361462743397
  -0.2060534368799213    -0.5878931262401574   0.002271593087584471
  -0.5878931262401574    -0.2060534368799213   0.002271593087584471
  -0.2060534368799213    -0.2060534368799213   0.002271593087584471
  -0.1825454077183637    -0.6349091845632726    0.00372386847652295
  -0.6349091845632726    -0.1825454077183637    0.00372386847652295
  -0.1825454077183637    -0.1825454077183637    0.00372386847652295
  -0.1043967747034525    -0.7912064505930949   0.003202411756547673
  -0.7912064505930949    -0.1043967747034525   0.003202411756547673
  -0.1043967747034525    -0.1043967747034525   0.003202411756547673
 -0.04304511644606435    -0.9139097671078713   0.002257575965230481
  -0.9139097671078713   -0.04304511644606435   0.002257575965230481
 -0.04304511644606435   -0.04304511644606435   0.002257575965230481
  -0.6584696480119987     0.6579327598100763  9.783020229927093e-05
   0.6579327598100764    -0.6584696480119987  9.783020229927093e-05
  -0.9994631117980777     0.6579327598100763  9.783020229927093e-05
   0.6579327598100764    -0.9994631117980777  9.783020229927093e-05
  -0.9994631117980777    -0.6584696480119987  9.783020229927093e-05
  -0.6584696480119987    -0.9994631117980777  9.783020229927093e-05
  -0.9858219580418692     0.9852775133286825  2.217961160268926e-05
   0.9852775133286824    -0.9858219580418692  2.217961160268926e-05
  -0.9994555552868132     0.9852775133286825  2.217961160268926e-05
   0.9852775133286824    -0.9994555552868132  2.217961160268926e-05
  -0.9994555552868132    -0.9858219580418692  2.217961160268926e-05
  -0.9858219580418692    -0.9994555552868132  2.217961160268926e-05
  -0.9968346847465049     0.9961979187171923  1.206472658387007e-05
   0.9961979187171923    -0.9968346847465051  1.206472658387007e-05
  -0.9993632339706874     0.9961979187171923  1.206472658387007e-05
   0.9961979187171923    -0.9993632339706873  1.206472658387007e-05
  -0.9993632339706873    -0.9968346847465051  1.206472658387007e-05
  -0.9968346847465051    -0.9993632339706873  1.206472658387007e-05
  -0.9266241633662811     0.9255748474202852  8.593075086242016e-05
   0.9255748474202852    -0.9266241633662811  8.593075086242016e-05
  -0.9989506840540041     0.9255748474202852  8.593075086242016e-05
   0.9255748474202852    -0.9989506840540041  8.593075086242016e-05
  -0.9989506840540041    -0.9266241633662811  8.593075086242016e-05
  -0.9266241633662811    -0.9989506840540041  8.593075086242016e-05
  -0.5367365384066995     0.5356823133704082  0.0001943681014407128
   0.5356823133704083    -0.5367365384066995  0.0001943681014407128
  -0.9989457749637087     0.5356823133704082  0.0001943681014407128
   0.5356823133704083    -0.9989457749637087  0.0001943681014407128
  -0.9989457749637087    -0.5367365384066995  0.0001943681014407128
  -0.5367365384066995    -0.9989457749637087  0.0001943681014407128
   -0.262004821789148     0.2609074589960053  0.0002155622861701187
   0.2609074589960053     -0.262004821789148  0.0002155622861701187
  -0.9989026372068572     0.2609074589960053  0.0002155622861701187
   0.2609074589960053    -0.9989026372068572  0.0002155622861701187
  -0.9989026372068572     -0.262004821789148  0.0002155622861701187
   -0.262004821789148    -0.9989026372068572  0.0002155622861701187
  -0.9548746320415564     0.9537222570805122  6.885114316457845e-05
   0.9537222570805122    -0.9548746320415564  6.885114316457845e-05
  -0.9988476250389557     0.9537222570805122  6.885114316457845e-05
   0.9537222570805122    -0.9988476250389557  6.885114316457845e-05
  -0.9988476250389557    -0.9548746320415564  6.885114316457845e-05
  -0.9548746320415564    -0.9988476250389557  6.885114316457845e-05
   -0.716092309131704     0.7149385262176067  0.0001658191681579288
   0.7149385262176067     -0.716092309131704  0.0001658191681579288
  -0.9988462170859027     0.7149385262176067  0.0001658191681579288
   0.7149385262176067    -0.9988462170859027  0.0001658191681579288
  -0.9988462170859027     -0.716092309131704  0.0001658191681579288
   -0.716092309131704    -0.9988462170859027  0.0001658191681579288
  -0.4669921987677128      0.465751902282236  0.0002138234095903407
    0.465751902282236    -0.4669921987677128  0.0002138234095903407
  -0.9987597035145233      0.465751902282236  0.0002138234095903407
    0.465751902282236    -0.9987597035145233  0.0002138234095903407
  -0.9987597035145233    -0.4669921987677128  0.0002138234095903407
  -0.4669921987677128    -0.9987597035145233  0.0002138234095903407
  -0.3363415202809599     0.3350333581227924  0.0002338781452071374
   0.3350333581227924    -0.3363415202809599  0.0002338781452071374
  -0.9986918378418326     0.3350333581227924  0.0002338781452071374
   0.3350333581227924    -0.9986918378418326  0.0002338781452071374
  -0.9986918378418326    -0.3363415202809599  0.0002338781452071374
  -0.3363415202809599    -0.9986918378418326  0.0002338781452071374
  -0.8578638108908607     0.8563133046246968  0.0001569481551828108
   0.8563133046246967    -0.8578638108908607  0.0001569481551828108
   -0.998449493733836     0.8563133046246968  0.0001569481551828108
   0.8563133046246967     -0.998449493733836  0.0001569481551828108
   -0.998449493733836    -0.8578638108908607  0.0001569481551828108
  -0.8578638108908607     -0.998449493733836  0.0001569481551828108
   -0.039408370015452    0.03785255198200072   0.000307709204076212
  0.03785255198200077   -0.03940837001545194   0.000307709204076212
  -0.9984441819665488    0.03785255198200072   0.000307709204076212
  0.03785255198200073    -0.9984441819665488   0.000307709204076212
  -0.9984441819665488   -0.03940837001545194   0.000307709204076212
 -0.03940837001545199    -0.9984441819665488   0.000307709204076212
  -0.1892559634531552     0.1876606130053772  0.0002957833814610978
   0.1876606130053772    -0.1892559634531552  0.0002957833814610978
  -0.9984046495522221     0.1876606130053772  0.0002957833814610978
   0.1876606130053772    -0.9984046495522221  0.0002957833814610978
  -0.9984046495522221    -0.1892559634531552  0.0002957833814610978
  -0.1892559634531552    -0.9984046495522221  0.0002957833814610978
  -0.8155372092454127     0.8139392814425851  0.0001843781741800339
    0.813939281442585    -0.8155372092454127  0.0001843781741800339
  -0.9984020721971723     0.8139392814425851  0.0001843781741800339
    0.813939281442585    -0.9984020721971723  0.0001843781741800339
  -0.9984020721971723    -0.8155372092454127  0.0001843781741800339
  -0.8155372092454127    -0.9984020721971723  0.0001843781741800339
  -0.1156741877930851     0.1140621334270215  0.0003101348747025823
   0.1140621334270215    -0.1156741877930851  0.0003101348747025823
  -0.9983879456339364     0.1140621334270215  0.0003101348747025823
   0.1140621334270215    -0.9983879456339364  0.0003101348747025823
  -0.9983879456339364    -0.1156741877930851  0.0003101348747025823
  -0.1156741877930852    -0.9983879456339364  0.0003101348747025823
  -0.8944593721208287     0.8928303186985358  0.0001421398909985843
   0.8928303186985358    -0.8944593721208287  0.0001421398909985843
  -0.9983709465777071     0.8928303186985358  0.0001421398909985843
   0.8928303186985358    -0.9983709465777071  0.0001421398909985843
  -0.9983709465777071    -0.8944593721208287  0.0001421398909985843
  -0.8944593721208287    -0.9983709465777071  0.0001421398909985843
  -0.7682514961618699     0.7665428776522234  0.0002173472607890051
   0.7665428776522234    -0.7682514961618701  0.0002173472607890051
  -0.9982913814903535     0.7665428776522234  0.0002173472607890051
   0.7665428776522234    -0.9982913814903533  0.0002173472607890051
  -0.9982913814903533    -0.7682514961618701  0.0002173472607890051
  -0.7682514961618701    -0.9982913814903533  0.0002173472607890051
   -0.601720752922398     0.5999880403062847  0.0002701253559084047
   0.5999880403062847     -0.601720752922398  0.0002701253559084047
  -0.9982672873838867     0.5999880403062847  0.0002701253559084047
   0.5999880403062847    -0.9982672873838867  0.0002701253559084047
  -0.9982672873838867     -0.601720752922398  0.0002701253559084047
   -0.601720752922398    -0.9982672873838867  0.0002701253559084047
  -0.4024148181959853     0.4006320324100058  0.0002946507804343622
   0.4006320324100059    -0.4024148181959852  0.0002946507804343622
  -0.9982172142140207     0.4006320324100058  0.0002946507804343622
   0.4006320324100058    -0.9982172142140207  0.0002946507804343622
  -0.9982172142140207    -0.4024148181959852  0.0002946507804343622
  -0.4024148181959853    -0.9982172142140207  0.0002946507804343622
  -0.9732985975747612      0.971166937236043  8.397202604003292e-05
    0.971166937236043    -0.9732985975747612  8.397202604003292e-05
  -0.9978683396612817      0.971166937236043  8.397202604003292e-05
    0.971166937236043    -0.9978683396612817  8.397202604003292e-05
  -0.9978683396612817    -0.9732985975747612  8.397202604003292e-05
  -0.9732985975747612    -0.9978683396612817  8.397202604003292e-05
  -0.9913516724562634     0.9877879900966614   5.28111455941417e-05
   0.9877879900966613    -0.9913516724562634   5.28111455941417e-05
  -0.9964363176403979     0.9877879900966614   5.28111455941417e-05
   0.9877879900966613    -0.9964363176403979   5.28111455941417e-05
  -0.9964363176403979    -0.9913516724562634   5.28111455941417e-05
  -0.9913516724562634    -0.9964363176403979   5.28111455941417e-05
  -0.6658684552302552     0.6614869306651455  0.0003511640413693891
   0.6614869306651454    -0.6658684552302552  0.0003511640413693891
  -0.9956184754348902     0.6614869306651455  0.0003511640413693891
   0.6614869306651455    -0.9956184754348901  0.0003511640413693891
  -0.9956184754348902    -0.6658684552302552  0.0003511640413693891
  -0.6658684552302553    -0.9956184754348901  0.0003511640413693891
  -0.9435165005784985     0.9382579630381939  0.0001556423906076529
   0.9382579630381938    -0.9435165005784985  0.0001556423906076529
  -0.9947414624596953     0.9382579630381939  0.0001556423906076529
   0.9382579630381938    -0.9947414624596953  0.0001556423906076529
  -0.9947414624596953    -0.9435165005784985  0.0001556423906076529
  -0.9435165005784985    -0.9947414624596953  0.0001556423906076529
   -0.496693715636901     0.4908989637324201  0.0004303106577492899
   0.4908989637324201    -0.4966937156369011  0.0004303106577492899
  -0.9942052480955191     0.4908989637324201  0.0004303106577492899
   0.4908989637324201    -0.9942052480955191  0.0004303106577492899
   -0.994205248095519    -0.4966937156369011  0.0004303106577492899
  -0.4966937156369011    -0.9942052480955191  0.0004303106577492899
  -0.3011137626041807      0.295311690105899  0.0004474703843969323
    0.295311690105899    -0.3011137626041807  0.0004474703843969323
  -0.9941979275017183      0.295311690105899  0.0004474703843969323
    0.295311690105899    -0.9941979275017183  0.0004474703843969323
  -0.9941979275017183    -0.3011137626041807  0.0004474703843969323
  -0.3011137626041807    -0.9941979275017183  0.0004474703843969323
  -0.7205586484477637     0.7138812644720332  0.0003982445975216147
   0.7138812644720332    -0.7205586484477637  0.0003982445975216147
  -0.9933226160242694     0.7138812644720332  0.0003982445975216147
   0.7138812644720332    -0.9933226160242694  0.0003982445975216147
  -0.9933226160242694    -0.7205586484477637  0.0003982445975216147
  -0.7205586484477637    -0.9933226160242694  0.0003982445975216147
  -0.5580933593643749     0.5511626399195049  0.0005112475929570971
   0.5511626399195049    -0.5580933593643749  0.0005112475929570971
    -0.99306928055513     0.5511626399195049  0.0005112475929570971
   0.5511626399195049      -0.99306928055513  0.0005112475929570971
    -0.99306928055513    -0.5580933593643749  0.0005112475929570971
  -0.5580933593643749      -0.99306928055513  0.0005112475929570971
  -0.9168569512259686     0.9097753879308446  0.0002561290999192359
   0.9097753879308446    -0.9168569512259686  0.0002561290999192359
   -0.992918436704876     0.9097753879308446  0.0002561290999192359
   0.9097753879308446     -0.992918436704876  0.0002561290999192359
   -0.992918436704876    -0.9168569512259686  0.0002561290999192359
  -0.9168569512259686     -0.992918436704876  0.0002561290999192359
   -0.235079873726912     0.2279563702410371    0.00058924267700622
   0.2279563702410372    -0.2350798737269119    0.00058924267700622
  -0.9928764965141252     0.2279563702410371    0.00058924267700622
   0.2279563702410371    -0.9928764965141252    0.00058924267700622
  -0.9928764965141252    -0.2350798737269119    0.00058924267700622
  -0.2350798737269119    -0.9928764965141252    0.00058924267700622
  -0.8474999713491276     0.8394350347066362  0.0003478252452980126
   0.8394350347066362    -0.8474999713491276  0.0003478252452980126
  -0.9919350633575086     0.8394350347066362  0.0003478252452980126
   0.8394350347066362    -0.9919350633575086  0.0003478252452980126
  -0.9919350633575086    -0.8474999713491276  0.0003478252452980126
  -0.8474999713491276    -0.9919350633575086  0.0003478252452980126
-0.004150557261647092  -0.004005801716770729  0.0003615043163918261
-0.004005801716770729  -0.004150557261647092  0.0003615043163918261
  -0.9918436410215823  -0.004005801716770729  0.0003615043163918261
-0.004005801716770723    -0.9918436410215823  0.0003615043163918261
  -0.9918436410215823  -0.004150557261647092  0.0003615043163918261
-0.004150557261647086    -0.9918436410215823  0.0003615043163918261
 -0.08207167073277555    0.07378650307320922  0.0007232883654709465
  0.07378650307320922   -0.08207167073277555  0.0007232883654709465
  -0.9917148323404337    0.07378650307320922  0.0007232883654709465
  0.07378650307320922    -0.9917148323404337  0.0007232883654709465
  -0.9917148323404337   -0.08207167073277555  0.0007232883654709465
 -0.08207167073277555    -0.9917148323404337  0.0007232883654709465
  -0.9826757894599928     0.9742309297137319  0.0001349989509823328
   0.9742309297137319    -0.9826757894599927  0.0001349989509823328
  -0.9915551402537391     0.9742309297137319  0.0001349989509823328
   0.9742309297137319    -0.9915551402537393  0.0001349989509823328
  -0.9915551402537393    -0.9826757894599927  0.0001349989509823328
  -0.9826757894599927    -0.9915551402537393  0.0001349989509823328
  -0.4357946125578274     0.4273237306224141  0.0006344650684814779
   0.4273237306224141    -0.4357946125578274  0.0006344650684814779
  -0.9915291180645867     0.4273237306224141  0.0006344650684814779
   0.4273237306224141    -0.9915291180645865  0.0006344650684814779
  -0.9915291180645867    -0.4357946125578274  0.0006344650684814779
  -0.4357946125578274    -0.9915291180645865  0.0006344650684814779
  -0.3656641641312847     0.3571485299604507  0.0006565243388687405
   0.3571485299604507    -0.3656641641312846  0.0006565243388687405
   -0.991484365829166     0.3571485299604507  0.0006565243388687405
   0.3571485299604507     -0.991484365829166  0.0006565243388687405
  -0.9914843658291661    -0.3656641641312846  0.0006565243388687405
  -0.3656641641312847     -0.991484365829166  0.0006565243388687405
  -0.8071370530114375     0.7985677299769254  0.0004056277325282176
   0.7985677299769254    -0.8071370530114375  0.0004056277325282176
  -0.9914306769654879     0.7985677299769254  0.0004056277325282176
   0.7985677299769254    -0.9914306769654879  0.0004056277325282176
  -0.9914306769654879    -0.8071370530114375  0.0004056277325282176
  -0.8071370530114375    -0.9914306769654879  0.0004056277325282176
  -0.1592172852324682     0.1506417496762929  0.0007431441535467889
   0.1506417496762928    -0.1592172852324683  0.0007431441535467889
  -0.9914244644438246     0.1506417496762929  0.0007431441535467889
   0.1506417496762929    -0.9914244644438246  0.0007431441535467889
  -0.9914244644438246    -0.1592172852324683  0.0007431441535467889
  -0.1592172852324682    -0.9914244644438246  0.0007431441535467889
  -0.8833672270069235     0.8747177384005709  0.0003390095003052856
   0.8747177384005709    -0.8833672270069235  0.0003390095003052856
  -0.9913505113936474     0.8747177384005709  0.0003390095003052856
   0.8747177384005709    -0.9913505113936474  0.0003390095003052856
  -0.9913505113936474    -0.8833672270069235  0.0003390095003052856
  -0.8833672270069235    -0.9913505113936474  0.0003390095003052856
  -0.7655852610877774     0.7565657585593772  0.0004232844818993352
   0.7565657585593772    -0.7655852610877774  0.0004232844818993352
  -0.9909804974715999     0.7565657585593772  0.0004232844818993352
   0.7565657585593772    -0.9909804974715999  0.0004232844818993352
  -0.9909804974715999    -0.7655852610877774  0.0004232844818993352
  -0.7655852610877774    -0.9909804974715999  0.0004232844818993352
  -0.6208744335913348     0.6116651105890316  0.0005863451830384027
   0.6116651105890316    -0.6208744335913348  0.0005863451830384027
  -0.9907906769976969     0.6116651105890316  0.0005863451830384027
   0.6116651105890316    -0.9907906769976969  0.0005863451830384027
  -0.9907906769976969    -0.6208744335913348  0.0005863451830384027
  -0.6208744335913348    -0.9907906769976969  0.0005863451830384027
  -0.9634238073583212     0.9542037107486941  0.0002121146817583387
   0.9542037107486943    -0.9634238073583212  0.0002121146817583387
   -0.990779903390373     0.9542037107486941  0.0002121146817583387
   0.9542037107486943     -0.990779903390373  0.0002121146817583387
   -0.990779903390373    -0.9634238073583212  0.0002121146817583387
  -0.9634238073583212     -0.990779903390373  0.0002121146817583387
   -0.683294305462985     0.6692397260988294  0.0006693142361965748
   0.6692397260988293    -0.6832943054629851  0.0006693142361965748
  -0.9859454206358444     0.6692397260988294  0.0006693142361965748
   0.6692397260988294    -0.9859454206358444  0.0006693142361965748
  -0.9859454206358443    -0.6832943054629851  0.0006693142361965748
   -0.683294305462985    -0.9859454206358444  0.0006693142361965748
  -0.3927802778224677     0.3779334082431692  7.838565020639361e-05
   0.3779334082431692    -0.3927802778224677  7.838565020639361e-05
  -0.9851531304207015     0.3779334082431692  7.838565020639361e-05
   0.3779334082431692    -0.9851531304207014  7.838565020639361e-05
  -0.9851531304207015    -0.3927802778224677  7.838565020639361e-05
  -0.3927802778224677    -0.9851531304207014  7.838565020639361e-05
   -0.940222759375237     0.9249065564655671  0.0003329881042670463
   0.9249065564655672     -0.940222759375237  0.0003329881042670463
  -0.9846837970903302     0.9249065564655671  0.0003329881042670463
   0.9249065564655672    -0.9846837970903302  0.0003329881042670463
  -0.9846837970903302     -0.940222759375237  0.0003329881042670463
   -0.940222759375237    -0.9846837970903302  0.0003329881042670463
  -0.5056099587971012     0.4899120457894267  0.0008156945454450107
   0.4899120457894266    -0.5056099587971012  0.0008156945454450107
  -0.9843020869923254     0.4899120457894267  0.0008156945454450107
   0.4899120457894266    -0.9843020869923254  0.0008156945454450107
  -0.9843020869923254    -0.5056099587971012  0.0008156945454450107
  -0.5056099587971012    -0.9843020869923254  0.0008156945454450107
  -0.3005160384305438     0.2844646427871034  0.0009553065036535599
   0.2844646427871034    -0.3005160384305437  0.0009553065036535599
  -0.9839486043565596     0.2844646427871034  0.0009553065036535599
   0.2844646427871034    -0.9839486043565597  0.0009553065036535599
  -0.9839486043565597    -0.3005160384305437  0.0009553065036535599
  -0.3005160384305438    -0.9839486043565597  0.0009553065036535599
  -0.2266217400183235     0.2091791704606323  0.0008396869352338258
   0.2091791704606323    -0.2266217400183235  0.0008396869352338258
  -0.9825574304423088     0.2091791704606323  0.0008396869352338258
   0.2091791704606323    -0.9825574304423088  0.0008396869352338258
  -0.9825574304423088    -0.2266217400183235  0.0008396869352338258
  -0.2266217400183235    -0.9825574304423088  0.0008396869352338258
  -0.5716128287780271     0.5536048638519995  0.0008436277807512115
   0.5536048638519995    -0.5716128287780271  0.0008436277807512115
  -0.9819920350739724     0.5536048638519995  0.0008436277807512115
   0.5536048638519995    -0.9819920350739724  0.0008436277807512115
  -0.9819920350739724    -0.5716128287780271  0.0008436277807512115
  -0.5716128287780271    -0.9819920350739724  0.0008436277807512115
  -0.9749631348231012     0.9567239374573272  0.0001574482064490752
   0.9567239374573273    -0.9749631348231012  0.0001574482064490752
  -0.9817608026342262     0.9567239374573272  0.0001574482064490752
   0.9567239374573273    -0.9817608026342262  0.0001574482064490752
  -0.9817608026342262    -0.9749631348231012  0.0001574482064490752
  -0.9749631348231012    -0.9817608026342262  0.0001574482064490752
   -0.910152179180242     0.8914855796348402  0.0004540012607881613
   0.8914855796348402     -0.910152179180242  0.0004540012607881613
  -0.9813334004545982     0.8914855796348402  0.0004540012607881613
   0.8914855796348402    -0.9813334004545982  0.0004540012607881613
  -0.9813334004545982     -0.910152179180242  0.0004540012607881613
   -0.910152179180242    -0.9813334004545982  0.0004540012607881613
  -0.7376599958041157     0.7184892294583961  0.0007382537628067805
    0.718489229458396    -0.7376599958041157  0.0007382537628067805
  -0.9808292336542803     0.7184892294583961  0.0007382537628067805
    0.718489229458396    -0.9808292336542803  0.0007382537628067805
  -0.9808292336542803    -0.7376599958041157  0.0007382537628067805
  -0.7376599958041157    -0.9808292336542803  0.0007382537628067805
  -0.8363980299758822     0.8165654024161926  0.0006005448398762827
   0.8165654024161926    -0.8363980299758822  0.0006005448398762827
  -0.9801673724403104     0.8165654024161926  0.0006005448398762827
   0.8165654024161926    -0.9801673724403104  0.0006005448398762827
  -0.9801673724403104    -0.8363980299758822  0.0006005448398762827
  -0.8363980299758822    -0.9801673724403104  0.0006005448398762827
 -0.04652203875801747    0.02645956417298007   0.001045264476734383
  0.02645956417298012   -0.04652203875801741   0.001045264476734383
  -0.9799375254149627    0.02645956417298007   0.001045264476734383
  0.02645956417298007    -0.9799375254149627   0.001045264476734383
  -0.9799375254149627   -0.04652203875801741   0.001045264476734383
 -0.04652203875801746    -0.9799375254149627   0.001045264476734383
  -0.1152025816645615    0.09493313812711618  0.0009000064692250255
  0.09493313812711618    -0.1152025816645615  0.0009000064692250255
  -0.9797305564625547    0.09493313812711618  0.0009000064692250255
  0.09493313812711619    -0.9797305564625547  0.0009000064692250255
  -0.9797305564625547    -0.1152025816645615  0.0009000064692250255
  -0.1152025816645615    -0.9797305564625547  0.0009000064692250255
  -0.4430699819493553     0.4226591639082592   0.000911443302777618
   0.4226591639082592    -0.4430699819493553   0.000911443302777618
   -0.979589181958904     0.4226591639082592   0.000911443302777618
   0.4226591639082592    -0.9795891819589041   0.000911443302777618
   -0.979589181958904    -0.4430699819493553   0.000911443302777618
  -0.4430699819493553    -0.9795891819589041   0.000911443302777618
  -0.8748330520523024     0.8537147413952506  0.0005557542654980807
   0.8537147413952506    -0.8748330520523024  0.0005557542654980807
  -0.9788816893429482     0.8537147413952506  0.0005557542654980807
   0.8537147413952506    -0.9788816893429482  0.0005557542654980807
  -0.9788816893429482    -0.8748330520523024  0.0005557542654980807
  -0.8748330520523024    -0.9788816893429482  0.0005557542654980807
  -0.3752568201326055      0.353732364966219   0.001049380378160527
   0.3537323649662189    -0.3752568201326056   0.001049380378160527
  -0.9784755448336134      0.353732364966219   0.001049380378160527
    0.353732364966219    -0.9784755448336133   0.001049380378160527
  -0.9784755448336133    -0.3752568201326056   0.001049380378160527
  -0.3752568201326055    -0.9784755448336133   0.001049380378160527
  -0.1702025415600702     0.1484952216259923  0.0008077656818454113
   0.1484952216259923    -0.1702025415600701  0.0008077656818454113
  -0.9782926800659221     0.1484952216259923  0.0008077656818454113
   0.1484952216259923    -0.9782926800659221  0.0008077656818454113
  -0.9782926800659222    -0.1702025415600701  0.0008077656818454113
  -0.1702025415600702    -0.9782926800659221  0.0008077656818454113
  -0.6354270604773096     0.6136311912273678  0.0008499796617310279
   0.6136311912273678    -0.6354270604773096  0.0008499796617310279
  -0.9782041307500582     0.6136311912273678  0.0008499796617310279
   0.6136311912273678    -0.9782041307500582  0.0008499796617310279
  -0.9782041307500582    -0.6354270604773096  0.0008499796617310279
  -0.6354270604773096    -0.9782041307500582  0.0008499796617310279
  -0.7910868419489308     0.7692276282255162  0.0007760595818286988
   0.7692276282255162    -0.7910868419489308  0.0007760595818286988
  -0.9781407862765854     0.7692276282255162  0.0007760595818286988
   0.7692276282255162    -0.9781407862765854  0.0007760595818286988
  -0.9781407862765854    -0.7910868419489308  0.0007760595818286988
  -0.7910868419489308    -0.9781407862765854  0.0007760595818286988
  -0.9595415794239874     0.9350421987867875  0.0003523366072749104
   0.9350421987867874    -0.9595415794239874  0.0003523366072749104
     -0.9755006193628     0.9350421987867875  0.0003523366072749104
   0.9350421987867874       -0.9755006193628  0.0003523366072749104
     -0.9755006193628    -0.9595415794239874  0.0003523366072749104
  -0.9595415794239874       -0.9755006193628  0.0003523366072749104
  -0.6932292863290803     0.6636087500914776  0.0009426804021668225
   0.6636087500914776    -0.6932292863290803  0.0009426804021668225
  -0.9703794637623973     0.6636087500914776  0.0009426804021668225
   0.6636087500914776    -0.9703794637623973  0.0009426804021668225
  -0.9703794637623973    -0.6932292863290803  0.0009426804021668225
  -0.6932292863290803    -0.9703794637623973  0.0009426804021668225
  -0.5135562403369134     0.4830987797738822   0.001041365310132481
   0.4830987797738822    -0.5135562403369134   0.001041365310132481
  -0.9695425394369688     0.4830987797738822   0.001041365310132481
   0.4830987797738822    -0.9695425394369688   0.001041365310132481
  -0.9695425394369688    -0.5135562403369134   0.001041365310132481
  -0.5135562403369134    -0.9695425394369688   0.001041365310132481
  -0.2493876492621621      0.218680754989912   0.001097153408124543
    0.218680754989912    -0.2493876492621621   0.001097153408124543
  -0.9692931057277498      0.218680754989912   0.001097153408124543
   0.2186807549899119    -0.9692931057277497   0.001097153408124543
  -0.9692931057277498    -0.2493876492621621   0.001097153408124543
  -0.2493876492621621    -0.9692931057277497   0.001097153408124543
  -0.9336186041390413     0.9022084571652321   0.000509221590829521
    0.902208457165232    -0.9336186041390413   0.000509221590829521
  -0.9685898530261907     0.9022084571652321   0.000509221590829521
    0.902208457165232    -0.9685898530261907   0.000509221590829521
  -0.9685898530261907    -0.9336186041390413   0.000509221590829521
  -0.9336186041390413    -0.9685898530261907   0.000509221590829521
   -0.316994643611529     0.2850889063038018   0.001221924268914622
   0.2850889063038018     -0.316994643611529   0.001221924268914622
  -0.9680942626922728     0.2850889063038018   0.001221924268914622
   0.2850889063038018    -0.9680942626922727   0.001221924268914622
  -0.9680942626922728     -0.316994643611529   0.001221924268914622
   -0.316994643611529    -0.9680942626922727   0.001221924268914622
  -0.5698727479575545     0.5365434173612467  0.0008517057377723336
   0.5365434173612467    -0.5698727479575545  0.0008517057377723336
  -0.9666706694036922     0.5365434173612467  0.0008517057377723336
   0.5365434173612467    -0.9666706694036922  0.0008517057377723336
  -0.9666706694036922    -0.5698727479575545  0.0008517057377723336
  -0.5698727479575545    -0.9666706694036922  0.0008517057377723336
   -0.612519406394979     0.5781814296001528  0.0006169244079308203
   0.5781814296001528     -0.612519406394979  0.0006169244079308203
  -0.9656620232051738     0.5781814296001528  0.0006169244079308203
   0.5781814296001528    -0.9656620232051738  0.0006169244079308203
  -0.9656620232051738     -0.612519406394979  0.0006169244079308203
   -0.612519406394979    -0.9656620232051738  0.0006169244079308203
  -0.7523365869440237     0.7172879482146628  0.0008188489900063695
   0.7172879482146628    -0.7523365869440237  0.0008188489900063695
  -0.9649513612706391     0.7172879482146628  0.0008188489900063695
   0.7172879482146628    -0.9649513612706391  0.0008188489900063695
  -0.9649513612706391    -0.7523365869440237  0.0008188489900063695
  -0.7523365869440237    -0.9649513612706391  0.0008188489900063695
  -0.4513307734459673     0.4154788177507207   0.001141125809616313
   0.4154788177507207    -0.4513307734459673   0.001141125809616313
  -0.9641480443047534     0.4154788177507207   0.001141125809616313
   0.4154788177507207    -0.9641480443047534   0.001141125809616313
  -0.9641480443047534    -0.4513307734459673   0.001141125809616313
  -0.4513307734459673    -0.9641480443047534   0.001141125809616313
  -0.9023540734575844     0.8663390106704916  0.0006465790694727087
   0.8663390106704916    -0.9023540734575843  0.0006465790694727087
  -0.9639849372129071     0.8663390106704916  0.0006465790694727087
   0.8663390106704916    -0.9639849372129072  0.0006465790694727087
  -0.9639849372129072    -0.9023540734575843  0.0006465790694727087
  -0.9023540734575843    -0.9639849372129072  0.0006465790694727087
 -0.02011504192578945   -0.01678658888869289  0.0007575779341129837
 -0.01678658888869294   -0.02011504192578939  0.0007575779341129837
  -0.9630983691855177   -0.01678658888869289  0.0007575779341129837
 -0.01678658888869294    -0.9630983691855177  0.0007575779341129837
  -0.9630983691855177   -0.02011504192578939  0.0007575779341129837
 -0.02011504192578944    -0.9630983691855177  0.0007575779341129837
  -0.8290978643549149      0.792123072783925   0.000795105972158202
    0.792123072783925    -0.8290978643549149   0.000795105972158202
  -0.9630252084290101      0.792123072783925   0.000795105972158202
    0.792123072783925    -0.9630252084290101   0.000795105972158202
  -0.9630252084290101    -0.8290978643549149   0.000795105972158202
  -0.8290978643549149    -0.9630252084290101   0.000795105972158202
 -0.09734855436336914    0.06023412593813299   0.001528291201002405
  0.06023412593813293    -0.0973485543633692   0.001528291201002405
  -0.9628855715747637    0.06023412593813299   0.001528291201002405
  0.06023412593813297    -0.9628855715747637   0.001528291201002405
  -0.9628855715747637    -0.0973485543633692   0.001528291201002405
 -0.09734855436336917    -0.9628855715747637   0.001528291201002405
  -0.5499445055266028     0.5117807847797228  2.531440281256361e-05
   0.5117807847797229    -0.5499445055266028  2.531440281256361e-05
  -0.9618362792531201     0.5117807847797228  2.531440281256361e-05
   0.5117807847797229    -0.9618362792531201  2.531440281256361e-05
  -0.9618362792531201    -0.5499445055266028  2.531440281256361e-05
  -0.5499445055266028    -0.9618362792531201  2.531440281256361e-05
  -0.1788001430374512     0.1405138404877548   0.001517227909650458
   0.1405138404877549    -0.1788001430374511   0.001517227909650458
  -0.9617136974503037     0.1405138404877548   0.001517227909650458
   0.1405138404877548    -0.9617136974503038   0.001517227909650458
  -0.9617136974503038    -0.1788001430374511   0.001517227909650458
  -0.1788001430374512    -0.9617136974503038   0.001517227909650458
  -0.8667973529823277     0.8279404235802743  0.0007410282823052482
   0.8279404235802743    -0.8667973529823276  0.0007410282823052482
  -0.9611430705979466     0.8279404235802743  0.0007410282823052482
   0.8279404235802743    -0.9611430705979467  0.0007410282823052482
  -0.9611430705979467    -0.8667973529823276  0.0007410282823052482
  -0.8667973529823276    -0.9611430705979467  0.0007410282823052482
  -0.3883897635302065     0.3479810403382159   0.001459451048415792
   0.3479810403382158    -0.3883897635302065   0.001459451048415792
  -0.9595912768080093     0.3479810403382159   0.001459451048415792
   0.3479810403382159    -0.9595912768080092   0.001459451048415792
  -0.9595912768080093    -0.3883897635302065   0.001459451048415792
  -0.3883897635302065    -0.9595912768080092   0.001459451048415792
  -0.6540615774141851     0.6125758266462302  0.0009609565621100175
   0.6125758266462302    -0.6540615774141851  0.0009609565621100175
  -0.9585142492320451     0.6125758266462302  0.0009609565621100175
   0.6125758266462303     -0.958514249232045  0.0009609565621100175
  -0.9585142492320451    -0.6540615774141851  0.0009609565621100175
  -0.6540615774141852     -0.958514249232045  0.0009609565621100175
  -0.7909139656078282     0.7481566471074652  0.0008940917507796656
   0.7481566471074652    -0.7909139656078281  0.0008940917507796656
   -0.957242681499637     0.7481566471074652  0.0008940917507796656
   0.7481566471074652    -0.9572426814996371  0.0008940917507796656
  -0.9572426814996371    -0.7909139656078281  0.0008940917507796656
  -0.7909139656078281    -0.9572426814996371  0.0008940917507796656
  -0.9557515723903289     0.9121590922136844  0.0002417472548800765
   0.9121590922136844    -0.9557515723903289  0.0002417472548800765
  -0.9564075198233555     0.9121590922136844  0.0002417472548800765
   0.9121590922136844    -0.9564075198233555  0.0002417472548800765
  -0.9564075198233555    -0.9557515723903289  0.0002417472548800765
  -0.9557515723903289    -0.9564075198233555  0.0002417472548800765
  -0.7200034566537801     0.6741679000720522    0.00081093883553954
   0.6741679000720522    -0.7200034566537801    0.00081093883553954
  -0.9541644434182721     0.6741679000720522    0.00081093883553954
   0.6741679000720522    -0.9541644434182721    0.00081093883553954
  -0.9541644434182721    -0.7200034566537801    0.00081093883553954
  -0.7200034566537801    -0.9541644434182721    0.00081093883553954
  -0.2528463839293077     0.2039985130526972   0.001460559891860013
   0.2039985130526971    -0.2528463839293078   0.001460559891860013
  -0.9511521291233893     0.2039985130526972   0.001460559891860013
   0.2039985130526971    -0.9511521291233893   0.001460559891860013
  -0.9511521291233893    -0.2528463839293078   0.001460559891860013
  -0.2528463839293077    -0.9511521291233893   0.001460559891860013
  -0.5076982415505695     0.4583529032830365   0.001123402760271955
   0.4583529032830365    -0.5076982415505695   0.001123402760271955
  -0.9506546617324669     0.4583529032830365   0.001123402760271955
   0.4583529032830365    -0.9506546617324669   0.001123402760271955
  -0.9506546617324669    -0.5076982415505695   0.001123402760271955
  -0.5076982415505695    -0.9506546617324669   0.001123402760271955
  -0.5731638805536292     0.5224625605371893  0.0004317511393722344
   0.5224625605371893    -0.5731638805536292  0.0004317511393722344
  -0.9492986799835601     0.5224625605371893  0.0004317511393722344
   0.5224625605371893    -0.9492986799835601  0.0004317511393722344
  -0.9492986799835601    -0.5731638805536292  0.0004317511393722344
  -0.5731638805536292    -0.9492986799835601  0.0004317511393722344
   -0.930731882420795     0.8785632521604967  0.0005909547370012718
   0.8785632521604967    -0.9307318824207949  0.0005909547370012718
  -0.9478313697397017     0.8785632521604967  0.0005909547370012718
   0.8785632521604967    -0.9478313697397018  0.0005909547370012718
  -0.9478313697397018    -0.9307318824207949  0.0005909547370012718
  -0.9307318824207949    -0.9478313697397018  0.0005909547370012718
   -0.606965346169959     0.5545856381367467  0.0006384261390484927
   0.5545856381367467    -0.6069653461699591  0.0006384261390484927
  -0.9476202919667877     0.5545856381367467  0.0006384261390484927
   0.5545856381367467    -0.9476202919667875  0.0006384261390484927
  -0.9476202919667875    -0.6069653461699591  0.0006384261390484927
  -0.6069653461699591    -0.9476202919667875  0.0006384261390484927
    -0.32519225673823     0.2724988674333644   0.001625037933419547
   0.2724988674333644      -0.32519225673823   0.001625037933419547
  -0.9473066106951343     0.2724988674333644   0.001625037933419547
   0.2724988674333644    -0.9473066106951343   0.001625037933419547
  -0.9473066106951344      -0.32519225673823   0.001625037933419547
    -0.32519225673823    -0.9473066106951343   0.001625037933419547
  -0.5373050515451456     0.4839440626415147  0.0001381463806587465
   0.4839440626415147    -0.5373050515451456  0.0001381463806587465
  -0.9466390110963692     0.4839440626415147  0.0001381463806587465
   0.4839440626415146    -0.9466390110963693  0.0001381463806587465
  -0.9466390110963692    -0.5373050515451456  0.0001381463806587465
  -0.5373050515451455    -0.9466390110963693  0.0001381463806587465
  -0.5579730392922981     0.5046120502820635  0.0006210831894993591
   0.5046120502820636     -0.557973039292298  0.0006210831894993591
  -0.9466390109897653     0.5046120502820635  0.0006210831894993591
   0.5046120502820635    -0.9466390109897653  0.0006210831894993591
  -0.9466390109897654     -0.557973039292298  0.0006210831894993591
  -0.5579730392922981    -0.9466390109897653  0.0006210831894993591
  -0.1409381599781735    0.08388382976601999   0.001520221995864983
  0.08388382976601999    -0.1409381599781735   0.001520221995864983
  -0.9429456697878464    0.08388382976601999   0.001520221995864983
  0.08388382976601996    -0.9429456697878464   0.001520221995864983
  -0.9429456697878464    -0.1409381599781735   0.001520221995864983
  -0.1409381599781736    -0.9429456697878464   0.001520221995864983
  -0.4517631785508508     0.3945607896610501   0.001351877024102781
   0.3945607896610502    -0.4517631785508507   0.001351877024102781
  -0.9427976111101993     0.3945607896610501   0.001351877024102781
   0.3945607896610501    -0.9427976111101994   0.001351877024102781
  -0.9427976111101994    -0.4517631785508507   0.001351877024102781
  -0.4517631785508508    -0.9427976111101994   0.001351877024102781
  -0.9036663855405613     0.8461471737200867  0.0006758855732416824
   0.8461471737200867    -0.9036663855405613  0.0006758855732416824
  -0.9424807881795254     0.8461471737200867  0.0006758855732416824
   0.8461471737200867    -0.9424807881795254  0.0006758855732416824
  -0.9424807881795254    -0.9036663855405613  0.0006758855732416824
  -0.9036663855405613    -0.9424807881795254  0.0006758855732416824
 -0.06524102938428639   0.006817517334110124   0.001707034344242137
 0.006817517334110124   -0.06524102938428644   0.001707034344242137
  -0.9415764879498236   0.006817517334110124   0.001707034344242137
 0.006817517334110106    -0.9415764879498236   0.001707034344242137
  -0.9415764879498236   -0.06524102938428644   0.001707034344242137
  -0.0652410293842864    -0.9415764879498236   0.001707034344242137
  -0.6866972901633918     0.6281497800849811   0.001165827856753539
   0.6281497800849811    -0.6866972901633919   0.001165827856753539
  -0.9414524899215894     0.6281497800849811   0.001165827856753539
    0.628149780084981    -0.9414524899215894   0.001165827856753539
  -0.9414524899215893    -0.6866972901633919   0.001165827856753539
  -0.6866972901633918    -0.9414524899215894   0.001165827856753539
  -0.6298140021261487     0.5701060331955083  0.0006919106609636405
   0.5701060331955083    -0.6298140021261487  0.0006919106609636405
  -0.9402920310693597     0.5701060331955083  0.0006919106609636405
   0.5701060331955083    -0.9402920310693597  0.0006919106609636405
  -0.9402920310693597    -0.6298140021261487  0.0006919106609636405
  -0.6298140021261487    -0.9402920310693597  0.0006919106609636405
  -0.8730787076906996     0.8121915277306098  0.0008408724791504055
   0.8121915277306098    -0.8730787076906996  0.0008408724791504055
  -0.9391128200399101     0.8121915277306098  0.0008408724791504055
   0.8121915277306098    -0.9391128200399101  0.0008408724791504055
  -0.9391128200399101    -0.8730787076906996  0.0008408724791504055
  -0.8730787076906996    -0.9391128200399101  0.0008408724791504055
  -0.8349312349248206     0.7738825561100222   0.001084610709873881
   0.7738825561100222    -0.8349312349248206   0.001084610709873881
  -0.9389513211852016     0.7738825561100222   0.001084610709873881
   0.7738825561100222    -0.9389513211852016   0.001084610709873881
  -0.9389513211852016    -0.8349312349248206   0.001084610709873881
  -0.8349312349248206    -0.9389513211852016   0.001084610709873881
  -0.7510417114580352     0.6893608358569586   0.001172762030442684
   0.6893608358569586    -0.7510417114580353   0.001172762030442684
  -0.9383191243989235     0.6893608358569586   0.001172762030442684
   0.6893608358569587    -0.9383191243989235   0.001172762030442684
  -0.9383191243989234    -0.7510417114580353   0.001172762030442684
  -0.7510417114580352    -0.9383191243989235   0.001172762030442684
  -0.2054423924803749     0.1409660784806039   0.001706390520936535
    0.140966078480604    -0.2054423924803748   0.001706390520936535
  -0.9355236860002291     0.1409660784806039   0.001706390520936535
   0.1409660784806039    -0.9355236860002291   0.001706390520936535
  -0.9355236860002292    -0.2054423924803748   0.001706390520936535
  -0.2054423924803749    -0.9355236860002291   0.001706390520936535
  -0.7939135150847401     0.7279181440082432   0.001056273847814041
   0.7279181440082432    -0.7939135150847401   0.001056273847814041
  -0.9340046289235031     0.7279181440082432   0.001056273847814041
   0.7279181440082432    -0.9340046289235031   0.001056273847814041
  -0.9340046289235031    -0.7939135150847401   0.001056273847814041
  -0.7939135150847401    -0.9340046289235031   0.001056273847814041
  -0.3941514828276391     0.3281257328027796   0.001802453086583996
   0.3281257328027796    -0.3941514828276391   0.001802453086583996
  -0.9339742499751404     0.3281257328027796   0.001802453086583996
   0.3281257328027796    -0.9339742499751404   0.001802453086583996
  -0.9339742499751404    -0.3941514828276391   0.001802453086583996
  -0.3941514828276391    -0.9339742499751404   0.001802453086583996
  -0.4822221151747719     0.4095236487554352  0.0008270809682584314
   0.4095236487554352    -0.4822221151747719  0.0008270809682584314
  -0.9273015335806634     0.4095236487554352  0.0008270809682584314
   0.4095236487554352    -0.9273015335806634  0.0008270809682584314
  -0.9273015335806634    -0.4822221151747719  0.0008270809682584314
  -0.4822221151747719    -0.9273015335806634  0.0008270809682584314
  -0.5740585224205654     0.5006315627819296  0.0007734325111960489
   0.5006315627819296    -0.5740585224205654  0.0007734325111960489
  -0.9265730403613641     0.5006315627819296  0.0007734325111960489
   0.5006315627819296    -0.9265730403613641  0.0007734325111960489
  -0.9265730403613641    -0.5740585224205654  0.0007734325111960489
  -0.5740585224205654    -0.9265730403613641  0.0007734325111960489
  -0.2776151951870706     0.2040619587236638   0.001727209523050459
   0.2040619587236639    -0.2776151951870705   0.001727209523050459
  -0.9264467635365933     0.2040619587236638   0.001727209523050459
   0.2040619587236639    -0.9264467635365934   0.001727209523050459
  -0.9264467635365934    -0.2776151951870705   0.001727209523050459
  -0.2776151951870706    -0.9264467635365934   0.001727209523050459
  -0.5279095236019874     0.4543219924759914   0.001225480151432386
   0.4543219924759913    -0.5279095236019875   0.001225480151432386
   -0.926412468874004     0.4543219924759914   0.001225480151432386
   0.4543219924759914     -0.926412468874004   0.001225480151432386
  -0.9264124688740039    -0.5279095236019875   0.001225480151432386
  -0.5279095236019874     -0.926412468874004   0.001225480151432386
  -0.6406899233177981     0.5668763544501925  0.0006833796806122495
   0.5668763544501925    -0.6406899233177981  0.0006833796806122495
  -0.9261864311323944     0.5668763544501925  0.0006833796806122495
   0.5668763544501925    -0.9261864311323944  0.0006833796806122495
  -0.9261864311323944    -0.6406899233177981  0.0006833796806122495
  -0.6406899233177981    -0.9261864311323944  0.0006833796806122495
  -0.1123710629951617    0.03487556544267539   0.001446107454037176
  0.03487556544267539    -0.1123710629951618   0.001446107454037176
  -0.9225045024475136    0.03487556544267539   0.001446107454037176
  0.03487556544267538    -0.9225045024475136   0.001446107454037176
  -0.9225045024475136    -0.1123710629951618   0.001446107454037176
  -0.1123710629951617    -0.9225045024475136   0.001446107454037176
  -0.3384562260412735      0.259988326789402   0.001404383687499978
    0.259988326789402    -0.3384562260412735   0.001404383687499978
  -0.9215321007481285      0.259988326789402   0.001404383687499978
    0.259988326789402    -0.9215321007481285   0.001404383687499978
  -0.9215321007481285    -0.3384562260412735   0.001404383687499978
  -0.3384562260412735    -0.9215321007481285   0.001404383687499978
  -0.7150636356091766     0.6345422957821807   0.001330486432944937
   0.6345422957821807    -0.7150636356091766   0.001330486432944937
  -0.9194786601730041     0.6345422957821807   0.001330486432944937
   0.6345422957821807    -0.9194786601730041   0.001330486432944937
  -0.9194786601730041    -0.7150636356091766   0.001330486432944937
  -0.7150636356091766    -0.9194786601730041   0.001330486432944937
  -0.5980655937758397     0.5164217722783199   0.001035259752473321
   0.5164217722783198    -0.5980655937758397   0.001035259752473321
  -0.9183561785024801     0.5164217722783199   0.001035259752473321
   0.5164217722783198    -0.9183561785024801   0.001035259752473321
  -0.9183561785024801    -0.5980655937758397   0.001035259752473321
  -0.5980655937758397    -0.9183561785024801   0.001035259752473321
  -0.6636681491179923     0.5801152846789094   0.001069578210625681
   0.5801152846789093    -0.6636681491179923   0.001069578210625681
  -0.9164471355609169     0.5801152846789094   0.001069578210625681
   0.5801152846789093    -0.9164471355609169   0.001069578210625681
  -0.9164471355609169    -0.6636681491179923   0.001069578210625681
  -0.6636681491179923    -0.9164471355609169   0.001069578210625681
  -0.8885642718910556     0.8021521985779609  0.0009886129197199105
   0.8021521985779609    -0.8885642718910556  0.0009886129197199105
  -0.9135879266869054     0.8021521985779609  0.0009886129197199105
   0.8021521985779609    -0.9135879266869054  0.0009886129197199105
  -0.9135879266869054    -0.8885642718910556  0.0009886129197199105
  -0.8885642718910556    -0.9135879266869054  0.0009886129197199105
  -0.1706670876852117    0.08279174717965138   0.001781107709577329
  0.08279174717965138    -0.1706670876852117   0.001781107709577329
  -0.9121246594944397    0.08279174717965138   0.001781107709577329
   0.0827917471796514    -0.9121246594944395   0.001781107709577329
  -0.9121246594944397    -0.1706670876852117   0.001781107709577329
  -0.1706670876852117    -0.9121246594944395   0.001781107709577329
  -0.4537076022110008     0.3643824171210461   0.001826831499284269
   0.3643824171210461    -0.4537076022110009   0.001826831499284269
  -0.9106748149100453     0.3643824171210461   0.001826831499284269
   0.3643824171210461    -0.9106748149100453   0.001826831499284269
  -0.9106748149100452    -0.4537076022110009   0.001826831499284269
  -0.4537076022110008    -0.9106748149100453   0.001826831499284269
  -0.8518100012445807     0.7624311460518232   0.001232235470675993
   0.7624311460518232    -0.8518100012445808   0.001232235470675993
  -0.9106211448072424     0.7624311460518232   0.001232235470675993
   0.7624311460518232    -0.9106211448072423   0.001232235470675993
  -0.9106211448072423    -0.8518100012445808   0.001232235470675993
  -0.8518100012445808    -0.9106211448072423   0.001232235470675993
  -0.8105130212505554     0.7182876556538804   0.001347897554939527
   0.7182876556538804    -0.8105130212505554   0.001347897554939527
  -0.9077746344033251     0.7182876556538804   0.001347897554939527
   0.7182876556538804    -0.9077746344033251   0.001347897554939527
  -0.9077746344033251    -0.8105130212505554   0.001347897554939527
  -0.8105130212505554    -0.9077746344033251   0.001347897554939527
  -0.7621601631036319     0.6695103377106065   0.001549865559443943
   0.6695103377106064    -0.7621601631036319   0.001549865559443943
  -0.9073501746069745     0.6695103377106065   0.001549865559443943
   0.6695103377106065    -0.9073501746069744   0.001549865559443943
  -0.9073501746069745    -0.7621601631036319   0.001549865559443943
   -0.762160163103632    -0.9073501746069744   0.001549865559443943
  -0.2361044436668061     0.1416588431022978   0.001959183691266504
   0.1416588431022978    -0.2361044436668061   0.001959183691266504
  -0.9055543994354918     0.1416588431022978   0.001959183691266504
   0.1416588431022978    -0.9055543994354918   0.001959183691266504
  -0.9055543994354918    -0.2361044436668061   0.001959183691266504
  -0.2361044436668061    -0.9055543994354918   0.001959183691266504
  -0.3985359875713981     0.3007444638392026   0.001852301680563241
   0.3007444638392026    -0.3985359875713981   0.001852301680563241
  -0.9022084762678044     0.3007444638392026   0.001852301680563241
   0.3007444638392026    -0.9022084762678043   0.001852301680563241
  -0.9022084762678044    -0.3985359875713981   0.001852301680563241
  -0.3985359875713981    -0.9022084762678043   0.001852301680563241
  -0.5239147380021199     0.4257171804101907   0.001724136104347338
   0.4257171804101907    -0.5239147380021199   0.001724136104347338
  -0.9018024424080708     0.4257171804101907   0.001724136104347338
   0.4257171804101907    -0.9018024424080708   0.001724136104347338
  -0.9018024424080708    -0.5239147380021199   0.001724136104347338
  -0.5239147380021199    -0.9018024424080708   0.001724136104347338
  -0.3440428043377438      0.245197307757528    0.00108116865258788
    0.245197307757528    -0.3440428043377437    0.00108116865258788
  -0.9011545034197843      0.245197307757528    0.00108116865258788
    0.245197307757528    -0.9011545034197843    0.00108116865258788
  -0.9011545034197843    -0.3440428043377437    0.00108116865258788
  -0.3440428043377438    -0.9011545034197843    0.00108116865258788
  -0.5859407489211192     0.4812110350969542   0.001637462539844362
   0.4812110350969542    -0.5859407489211192   0.001637462539844362
   -0.895270286175835     0.4812110350969542   0.001637462539844362
   0.4812110350969542     -0.895270286175835   0.001637462539844362
   -0.895270286175835    -0.5859407489211192   0.001637462539844362
  -0.5859407489211192     -0.895270286175835   0.001637462539844362
  -0.1133453435168161   0.007786709350875498   0.002188027702096138
 0.007786709350875498    -0.1133453435168161   0.002188027702096138
  -0.8944413658340593   0.007786709350875498   0.002188027702096138
 0.007786709350875491    -0.8944413658340593   0.002188027702096138
  -0.8944413658340593    -0.1133453435168161   0.002188027702096138
  -0.1133453435168161    -0.8944413658340593   0.002188027702096138
  -0.2968990806678611      0.190312975779437   0.001778431964869647
   0.1903129757794371    -0.2968990806678611   0.001778431964869647
   -0.893413895111576      0.190312975779437   0.001778431964869647
    0.190312975779437     -0.893413895111576   0.001778431964869647
   -0.893413895111576    -0.2968990806678611   0.001778431964869647
  -0.2968990806678611     -0.893413895111576   0.001778431964869647
  -0.7028982610384757     0.5947543896367666   0.001617185456446537
   0.5947543896367666    -0.7028982610384757   0.001617185456446537
  -0.8918561285982909     0.5947543896367666   0.001617185456446537
   0.5947543896367666    -0.8918561285982909   0.001617185456446537
  -0.8918561285982909    -0.7028982610384757   0.001617185456446537
  -0.7028982610384757    -0.8918561285982909   0.001617185456446537
  -0.6443439567435743     0.5358384107371656   0.001809396364519331
   0.5358384107371656    -0.6443439567435743   0.001809396364519331
  -0.8914944539935914     0.5358384107371656   0.001809396364519331
   0.5358384107371656    -0.8914944539935914   0.001809396364519331
  -0.8914944539935914    -0.6443439567435743   0.001809396364519331
  -0.6443439567435743    -0.8914944539935914   0.001809396364519331
  -0.1922457895477578    0.07192502434492332    0.00242281575548448
  0.07192502434492332    -0.1922457895477579    0.00242281575548448
  -0.8796792347971654    0.07192502434492332    0.00242281575548448
  0.07192502434492332    -0.8796792347971653    0.00242281575548448
  -0.8796792347971654    -0.1922457895477579    0.00242281575548448
  -0.1922457895477578    -0.8796792347971653    0.00242281575548448
  -0.4775262099694159     0.3558211437796408   0.002286633882722897
   0.3558211437796407    -0.4775262099694159   0.002286633882722897
  -0.8782949338102249     0.3558211437796408   0.002286633882722897
   0.3558211437796408    -0.8782949338102249   0.002286633882722897
  -0.8782949338102248    -0.4775262099694159   0.002286633882722897
  -0.4775262099694159    -0.8782949338102249   0.002286633882722897
  -0.8411512469110138     0.7168894106688855   0.001518741718611461
   0.7168894106688855    -0.8411512469110138   0.001518741718611461
  -0.8757381637578716     0.7168894106688855   0.001518741718611461
   0.7168894106688855    -0.8757381637578716   0.001518741718611461
  -0.8757381637578716    -0.8411512469110138   0.001518741718611461
  -0.8411512469110138    -0.8757381637578716   0.001518741718611461
   -0.796543734500373     0.6717579050274067   0.001610443590550136
   0.6717579050274067     -0.796543734500373   0.001610443590550136
  -0.8752141705270338     0.6717579050274067   0.001610443590550136
   0.6717579050274067    -0.8752141705270338   0.001610443590550136
  -0.8752141705270338     -0.796543734500373   0.001610443590550136
   -0.796543734500373    -0.8752141705270338   0.001610443590550136
  -0.7482328852220267     0.6232214698143648   0.001714146628477652
   0.6232214698143648    -0.7482328852220266   0.001714146628477652
  -0.8749885845923381     0.6232214698143648   0.001714146628477652
   0.6232214698143648    -0.8749885845923382   0.001714146628477652
  -0.8749885845923382    -0.7482328852220266   0.001714146628477652
  -0.7482328852220266    -0.8749885845923382   0.001714146628477652
 -0.06613517134923352   -0.05943318411867327   0.001331085509215741
 -0.05943318411867327   -0.06613517134923352   0.001331085509215741
  -0.8744316445320932   -0.05943318411867327   0.001331085509215741
 -0.05943318411867328    -0.8744316445320932   0.001331085509215741
  -0.8744316445320932   -0.06613517134923352   0.001331085509215741
 -0.06613517134923354    -0.8744316445320932   0.001331085509215741
  -0.5425323249032172     0.4151430322813217   0.001662718694169173
   0.4151430322813217    -0.5425323249032172   0.001662718694169173
  -0.8726107073781044     0.4151430322813217   0.001662718694169173
   0.4151430322813217    -0.8726107073781044   0.001662718694169173
  -0.8726107073781044    -0.5425323249032172   0.001662718694169173
  -0.5425323249032172    -0.8726107073781044   0.001662718694169173
  -0.3504562097067077     0.2211958852534335   0.002195976784964621
   0.2211958852534335    -0.3504562097067077   0.002195976784964621
  -0.8707396755467258     0.2211958852534335   0.002195976784964621
   0.2211958852534335    -0.8707396755467257   0.002195976784964621
  -0.8707396755467258    -0.3504562097067077   0.002195976784964621
  -0.3504562097067077    -0.8707396755467257   0.002195976784964621
  -0.4155569493166749     0.2856233219660656   0.002253948104218969
   0.2856233219660656    -0.4155569493166749   0.002253948104218969
  -0.8700663726493907     0.2856233219660656   0.002253948104218969
   0.2856233219660656    -0.8700663726493906   0.002253948104218969
  -0.8700663726493907    -0.4155569493166749   0.002253948104218969
  -0.4155569493166749    -0.8700663726493906   0.002253948104218969
  -0.2643029780514463     0.1311686540341564   0.002603304709883907
   0.1311686540341564    -0.2643029780514463   0.002603304709883907
    -0.86686567598271     0.1311686540341564   0.002603304709883907
   0.1311686540341564      -0.86686567598271   0.002603304709883907
    -0.86686567598271    -0.2643029780514463   0.002603304709883907
  -0.2643029780514463      -0.86686567598271   0.002603304709883907
  -0.5955448118571749     0.4586929497141958   0.001708298445381035
   0.4586929497141958    -0.5955448118571749   0.001708298445381035
  -0.8631481378570209     0.4586929497141958   0.001708298445381035
   0.4586929497141958    -0.8631481378570209   0.001708298445381035
  -0.8631481378570209    -0.5955448118571749   0.001708298445381035
  -0.5955448118571749    -0.8631481378570209   0.001708298445381035
  -0.6916098480942816     0.5510931137643649   0.001862898079872979
   0.5510931137643649    -0.6916098480942816   0.001862898079872979
  -0.8594832656700833     0.5510931137643649   0.001862898079872979
   0.5510931137643649    -0.8594832656700833   0.001862898079872979
  -0.8594832656700833    -0.6916098480942816   0.001862898079872979
  -0.6916098480942816    -0.8594832656700833   0.001862898079872979
  -0.1436496492641729   0.002451228064056288   0.002511050989194819
 0.002451228064056288     -0.143649649264173   0.002511050989194819
  -0.8588015787998834   0.002451228064056288   0.002511050989194819
 0.002451228064056274    -0.8588015787998833   0.002511050989194819
  -0.8588015787998834     -0.143649649264173   0.002511050989194819
  -0.1436496492641729    -0.8588015787998833   0.002511050989194819
   -0.643005114625987     0.5002290543939181   0.001688274516082573
   0.5002290543939181     -0.643005114625987   0.001688274516082573
  -0.8572239397679311     0.5002290543939181   0.001688274516082573
   0.5002290543939181    -0.8572239397679311   0.001688274516082573
  -0.8572239397679311     -0.643005114625987   0.001688274516082573
   -0.643005114625987    -0.8572239397679311   0.001688274516082573
  -0.5279507978405125     0.3705768251466863   0.002227382658779528
   0.3705768251466863    -0.5279507978405125   0.002227382658779528
  -0.8426260273061739     0.3705768251466863   0.002227382658779528
   0.3705768251466863    -0.8426260273061739   0.002227382658779528
  -0.8426260273061739    -0.5279507978405125   0.002227382658779528
  -0.5279507978405125    -0.8426260273061739   0.002227382658779528
   -0.326268648917987     0.1675901789429661   0.002405209286074204
   0.1675901789429661    -0.3262686489179869   0.002405209286074204
  -0.8413215300249792     0.1675901789429661   0.002405209286074204
   0.1675901789429661    -0.8413215300249792   0.002405209286074204
  -0.8413215300249792    -0.3262686489179869   0.002405209286074204
   -0.326268648917987    -0.8413215300249792   0.002405209286074204
  -0.7377111799223164     0.5781793658144497   0.001439297389571944
   0.5781793658144497    -0.7377111799223163   0.001439297389571944
  -0.8404681858921332     0.5781793658144497   0.001439297389571944
   0.5781793658144496    -0.8404681858921332   0.001439297389571944
  -0.8404681858921333    -0.7377111799223163   0.001439297389571944
  -0.7377111799223164    -0.8404681858921332   0.001439297389571944
  -0.7981008328228743     0.6380032288771798   0.001392678571341681
   0.6380032288771798    -0.7981008328228743   0.001392678571341681
  -0.8399023960543055     0.6380032288771798   0.001392678571341681
   0.6380032288771798    -0.8399023960543055   0.001392678571341681
  -0.8399023960543055    -0.7981008328228743   0.001392678571341681
  -0.7981008328228743    -0.8399023960543055   0.001392678571341681
  -0.4676292845902073     0.3060483563457023    0.00255875384671622
   0.3060483563457024    -0.4676292845902073    0.00255875384671622
  -0.8384190717554951     0.3060483563457023    0.00255875384671622
   0.3060483563457023    -0.8384190717554951    0.00255875384671622
  -0.8384190717554951    -0.4676292845902073    0.00255875384671622
  -0.4676292845902073    -0.8384190717554951    0.00255875384671622
   -0.219677862850282    0.05758548480579773   0.002859310105660747
  0.05758548480579773     -0.219677862850282   0.002859310105660747
  -0.8379076219555157    0.05758548480579773   0.002859310105660747
   0.0575854848057977    -0.8379076219555157   0.002859310105660747
  -0.8379076219555157     -0.219677862850282   0.002859310105660747
   -0.219677862850282    -0.8379076219555157   0.002859310105660747
  -0.7672274508356807     0.6023093456651891   0.001066088542682203
   0.6023093456651891    -0.7672274508356807   0.001066088542682203
  -0.8350818948295085     0.6023093456651891   0.001066088542682203
   0.6023093456651891    -0.8350818948295085   0.001066088542682203
  -0.8350818948295085    -0.7672274508356807   0.001066088542682203
  -0.7672274508356807    -0.8350818948295085   0.001066088542682203
  -0.1065961167884192   -0.05893846403741343   0.002043700072535087
 -0.05893846403741348    -0.1065961167884192   0.002043700072535087
  -0.8344654191741672   -0.05893846403741343   0.002043700072535087
 -0.05893846403741348    -0.8344654191741672   0.002043700072535087
  -0.8344654191741672    -0.1065961167884192   0.002043700072535087
  -0.1065961167884192    -0.8344654191741672   0.002043700072535087
  -0.3993991895459484     0.2312281101253588   0.002832415971033363
   0.2312281101253588    -0.3993991895459485   0.002832415971033363
  -0.8318289205794104     0.2312281101253588   0.002832415971033363
   0.2312281101253588    -0.8318289205794103   0.002832415971033363
  -0.8318289205794103    -0.3993991895459485   0.002832415971033363
  -0.3993991895459484    -0.8318289205794103   0.002832415971033363
  -0.5871607150620719     0.4162116230842079   0.002152139545724339
   0.4162116230842079    -0.5871607150620719   0.002152139545724339
   -0.829050908022136     0.4162116230842079   0.002152139545724339
   0.4162116230842079     -0.829050908022136   0.002152139545724339
   -0.829050908022136    -0.5871607150620719   0.002152139545724339
  -0.5871607150620719     -0.829050908022136   0.002152139545724339
  -0.2848012888247637     0.1041954898842901   0.002521937336928008
   0.1041954898842901    -0.2848012888247637   0.002521937336928008
  -0.8193942010595263     0.1041954898842901   0.002521937336928008
   0.1041954898842901    -0.8193942010595263   0.002521937336928008
  -0.8193942010595263    -0.2848012888247637   0.002521937336928008
  -0.2848012888247637    -0.8193942010595263   0.002521937336928008
  -0.7008012299484458     0.5200968711389302   0.002003232352112342
   0.5200968711389302    -0.7008012299484458   0.002003232352112342
  -0.8192956411904844     0.5200968711389302   0.002003232352112342
   0.5200968711389302    -0.8192956411904844   0.002003232352112342
  -0.8192956411904844    -0.7008012299484458   0.002003232352112342
  -0.7008012299484458    -0.8192956411904844   0.002003232352112342
  -0.6476148419713426     0.4667700985003413   0.002381181625525498
   0.4667700985003413    -0.6476148419713426   0.002381181625525498
  -0.8191552565289988     0.4667700985003413   0.002381181625525498
   0.4667700985003413    -0.8191552565289988   0.002381181625525498
  -0.8191552565289988    -0.6476148419713426   0.002381181625525498
  -0.6476148419713426    -0.8191552565289988   0.002381181625525498
  -0.1701256753679702   -0.01466788435044025    0.00270268696335971
 -0.01466788435044031    -0.1701256753679701    0.00270268696335971
  -0.8152064402815895   -0.01466788435044025    0.00270268696335971
 -0.01466788435044031    -0.8152064402815895    0.00270268696335971
  -0.8152064402815895    -0.1701256753679701    0.00270268696335971
  -0.1701256753679702    -0.8152064402815895    0.00270268696335971
  -0.5268889779310009     0.3275076110982976   0.002859284133858634
   0.3275076110982975    -0.5268889779310009   0.002859284133858634
  -0.8006186331672966     0.3275076110982976   0.002859284133858634
   0.3275076110982976    -0.8006186331672966   0.002859284133858634
  -0.8006186331672966    -0.5268889779310009   0.002859284133858634
  -0.5268889779310009    -0.8006186331672966   0.002859284133858634
  -0.3620211868117063     0.1617953563627679   0.002598185495845295
   0.1617953563627679    -0.3620211868117063   0.002598185495845295
  -0.7997741695510616     0.1617953563627679   0.002598185495845295
   0.1617953563627679    -0.7997741695510616   0.002598185495845295
  -0.7997741695510616    -0.3620211868117063   0.002598185495845295
  -0.3620211868117063    -0.7997741695510616   0.002598185495845295
  -0.4601302825465625     0.2570101397455483   0.002839063852788211
   0.2570101397455482    -0.4601302825465625   0.002839063852788211
  -0.7968798571989857     0.2570101397455483   0.002839063852788211
   0.2570101397455483    -0.7968798571989857   0.002839063852788211
  -0.7968798571989857    -0.4601302825465625   0.002839063852788211
  -0.4601302825465625    -0.7968798571989857   0.002839063852788211
  -0.5888469919604072     0.3831828501469527   0.002036857714020229
   0.3831828501469527    -0.5888469919604074   0.002036857714020229
  -0.7943358581865455     0.3831828501469527   0.002036857714020229
   0.3831828501469528    -0.7943358581865454   0.002036857714020229
  -0.7943358581865454    -0.5888469919604074   0.002036857714020229
  -0.5888469919604074    -0.7943358581865454   0.002036857714020229
  -0.7507148862513844      0.544789843799999    0.00228816982941633
    0.544789843799999    -0.7507148862513844    0.00228816982941633
  -0.7940749575486146      0.544789843799999    0.00228816982941633
    0.544789843799999    -0.7940749575486146    0.00228816982941633
  -0.7940749575486146    -0.7507148862513844    0.00228816982941633
  -0.7507148862513844    -0.7940749575486146    0.00228816982941633
  -0.2427380815444253    0.02986899138816823   0.003317230862636954
  0.02986899138816823    -0.2427380815444253   0.003317230862636954
  -0.7871309098437429    0.02986899138816823   0.003317230862636954
  0.02986899138816822    -0.7871309098437429   0.003317230862636954
  -0.7871309098437429    -0.2427380815444253   0.003317230862636954
  -0.2427380815444253    -0.7871309098437429   0.003317230862636954
  -0.4132277709243581     0.1925798359135537   0.002260260155820103
   0.1925798359135537    -0.4132277709243581   0.002260260155820103
  -0.7793520649891956     0.1925798359135537   0.002260260155820103
   0.1925798359135537    -0.7793520649891956   0.002260260155820103
  -0.7793520649891956    -0.4132277709243581   0.002260260155820103
  -0.4132277709243581    -0.7793520649891956   0.002260260155820103
    -0.31625623315125    0.09417941651106121   0.002734227187196284
  0.09417941651106121      -0.31625623315125   0.002734227187196284
  -0.7779231833598113    0.09417941651106121   0.002734227187196284
  0.09417941651106118    -0.7779231833598113   0.002734227187196284
  -0.7779231833598113      -0.31625623315125   0.002734227187196284
    -0.31625623315125    -0.7779231833598113   0.002734227187196284
  -0.6978304015008625     0.4744776236847703   0.002497637720435682
   0.4744776236847703    -0.6978304015008625   0.002497637720435682
  -0.7766472221839078     0.4744776236847703   0.002497637720435682
   0.4744776236847703    -0.7766472221839078   0.002497637720435682
  -0.7766472221839078    -0.6978304015008625   0.002497637720435682
  -0.6978304015008625    -0.7766472221839078   0.002497637720435682
  -0.1742474851964737   -0.04939927986263526   0.002575211343441718
 -0.04939927986263526    -0.1742474851964737   0.002575211343441718
   -0.776353234940891   -0.04939927986263526   0.002575211343441718
 -0.04939927986263523     -0.776353234940891   0.002575211343441718
   -0.776353234940891    -0.1742474851964737   0.002575211343441718
  -0.1742474851964737     -0.776353234940891   0.002575211343441718
  -0.6412370700565602     0.4155364243651771   0.002679306019037836
   0.4155364243651771    -0.6412370700565602   0.002679306019037836
   -0.774299354308617     0.4155364243651771   0.002679306019037836
    0.415536424365177    -0.7742993543086171   0.002679306019037836
   -0.774299354308617    -0.6412370700565602   0.002679306019037836
  -0.6412370700565601    -0.7742993543086171   0.002679306019037836
  -0.5756935622259668     0.3313533454290116   0.002794788422413895
   0.3313533454290117    -0.5756935622259667   0.002794788422413895
  -0.7556597832030448     0.3313533454290116   0.002794788422413895
   0.3313533454290116    -0.7556597832030448   0.002794788422413895
  -0.7556597832030449    -0.5756935622259667   0.002794788422413895
  -0.5756935622259668    -0.7556597832030448   0.002794788422413895
  -0.5097899786244937     0.2646179618689763   0.003184724865275165
   0.2646179618689763    -0.5097899786244937   0.003184724865275165
  -0.7548279832444826     0.2646179618689763   0.003184724865275165
   0.2646179618689763    -0.7548279832444826   0.003184724865275165
  -0.7548279832444826    -0.5097899786244937   0.003184724865275165
  -0.5097899786244937    -0.7548279832444826   0.003184724865275165
  -0.3779129463438273     0.1200011830288215   0.003503638878099931
   0.1200011830288215    -0.3779129463438273   0.003503638878099931
  -0.7420882366849941     0.1200011830288215   0.003503638878099931
   0.1200011830288215    -0.7420882366849941   0.003503638878099931
  -0.7420882366849941    -0.3779129463438273   0.003503638878099931
  -0.3779129463438273    -0.7420882366849941   0.003503638878099931
  -0.4509547516364205     0.1918301420865517    0.00304744339579126
   0.1918301420865517    -0.4509547516364205    0.00304744339579126
  -0.7408753904501313     0.1918301420865517    0.00304744339579126
   0.1918301420865517    -0.7408753904501313    0.00304744339579126
  -0.7408753904501313    -0.4509547516364205    0.00304744339579126
  -0.4509547516364205    -0.7408753904501313    0.00304744339579126
  -0.2347795000731772   -0.02563108203313291   0.003287856813816629
 -0.02563108203313291    -0.2347795000731772   0.003287856813816629
  -0.7395894178936899   -0.02563108203313291   0.003287856813816629
 -0.02563108203313288    -0.7395894178936899   0.003287856813816629
  -0.7395894178936899    -0.2347795000731772   0.003287856813816629
  -0.2347795000731771    -0.7395894178936899   0.003287856813816629
  -0.1610876962130765     -0.100614518138828   0.003073006239024909
   -0.100614518138828    -0.1610876962130765   0.003073006239024909
  -0.7382977856480955     -0.100614518138828   0.003073006239024909
  -0.1006145181388281    -0.7382977856480955   0.003073006239024909
  -0.7382977856480955    -0.1610876962130765   0.003073006239024909
  -0.1610876962130765    -0.7382977856480955   0.003073006239024909
  -0.3032241623366998    0.03951631862843619   0.003373482027050134
  0.03951631862843619    -0.3032241623366998   0.003373482027050134
  -0.7362921562917364    0.03951631862843619   0.003373482027050134
  0.03951631862843616    -0.7362921562917364   0.003373482027050134
  -0.7362921562917364    -0.3032241623366998   0.003373482027050134
  -0.3032241623366998    -0.7362921562917364   0.003373482027050134
  -0.6839215185692865     0.4120594406676723   0.002688889162352494
   0.4120594406676723    -0.6839215185692864   0.002688889162352494
  -0.7281379220983858     0.4120594406676723   0.002688889162352494
   0.4120594406676722    -0.7281379220983859   0.002688889162352494
  -0.7281379220983859    -0.6839215185692864   0.002688889162352494
  -0.6839215185692864    -0.7281379220983859   0.002688889162352494
  -0.6283826398360466     0.3540918379325897   0.002878489695743665
   0.3540918379325897    -0.6283826398360466   0.002878489695743665
  -0.7257091980965431     0.3540918379325897   0.002878489695743665
   0.3540918379325897    -0.7257091980965431   0.002878489695743665
  -0.7257091980965431    -0.6283826398360466   0.002878489695743665
  -0.6283826398360466    -0.7257091980965431   0.002878489695743665
  -0.5596134541587219     0.2692545957980946   0.003067439895631044
   0.2692545957980945    -0.5596134541587219   0.003067439895631044
  -0.7096411416393726     0.2692545957980946   0.003067439895631044
   0.2692545957980945    -0.7096411416393726   0.003067439895631044
  -0.7096411416393726    -0.5596134541587219   0.003067439895631044
  -0.5596134541587219    -0.7096411416393726   0.003067439895631044
   -0.501880032502714     0.1999624492457517    0.00337227088251632
   0.1999624492457517     -0.501880032502714    0.00337227088251632
  -0.6980824167430377     0.1999624492457517    0.00337227088251632
   0.1999624492457517    -0.6980824167430377    0.00337227088251632
  -0.6980824167430377     -0.501880032502714    0.00337227088251632
   -0.501880032502714    -0.6980824167430377    0.00337227088251632
  -0.2291998768323773   -0.07697272345557549   0.002879579354355782
 -0.07697272345557549    -0.2291998768323773   0.002879579354355782
  -0.6938273997120472   -0.07697272345557549   0.002879579354355782
 -0.07697272345557551    -0.6938273997120472   0.002879579354355782
  -0.6938273997120472    -0.2291998768323773   0.002879579354355782
  -0.2291998768323773    -0.6938273997120472   0.002879579354355782
  -0.4323480553050849     0.1251006981289863   0.003630963579870726
   0.1251006981289863    -0.4323480553050849   0.003630963579870726
  -0.6927526428239015     0.1251006981289863   0.003630963579870726
   0.1251006981289863    -0.6927526428239016   0.003630963579870726
  -0.6927526428239015    -0.4323480553050849   0.003630963579870726
  -0.4323480553050849    -0.6927526428239016   0.003630963579870726
  -0.3624059260743735       0.05402536875232   0.003664799878829316
     0.05402536875232    -0.3624059260743735   0.003664799878829316
  -0.6916194426779465       0.05402536875232   0.003664799878829316
     0.05402536875232    -0.6916194426779465   0.003664799878829316
  -0.6916194426779465    -0.3624059260743735   0.003664799878829316
  -0.3624059260743735    -0.6916194426779465   0.003664799878829316
  -0.1824064618506109    -0.1309349167849431   0.002618456495052358
  -0.1309349167849431    -0.1824064618506109   0.002618456495052358
  -0.6866586213644461    -0.1309349167849431   0.002618456495052358
  -0.1309349167849431    -0.6866586213644461   0.002618456495052358
  -0.6866586213644461    -0.1824064618506109   0.002618456495052358
  -0.1824064618506109    -0.6866586213644461   0.002618456495052358
  -0.2949151584162567   -0.02096717168389256   0.003642624234509778
 -0.02096717168389256    -0.2949151584162568   0.003642624234509778
  -0.6841176698998508   -0.02096717168389256   0.003642624234509778
 -0.02096717168389253    -0.6841176698998508   0.003642624234509778
  -0.6841176698998508    -0.2949151584162568   0.003642624234509778
  -0.2949151584162567    -0.6841176698998508   0.003642624234509778
  -0.6122826441300289     0.2917402276364951    0.00286557951340825
   0.2917402276364951    -0.6122826441300289    0.00286557951340825
  -0.6794575835064662     0.2917402276364951    0.00286557951340825
   0.2917402276364951    -0.6794575835064662    0.00286557951340825
  -0.6794575835064662    -0.6122826441300289    0.00286557951340825
  -0.6122826441300289    -0.6794575835064662    0.00286557951340825
  -0.5596116157093042      0.209804667088235   0.003685465669453568
   0.2098046670882349    -0.5596116157093043   0.003685465669453568
  -0.6501930513789308      0.209804667088235   0.003685465669453568
   0.2098046670882349    -0.6501930513789307   0.003685465669453568
  -0.6501930513789307    -0.5596116157093043   0.003685465669453568
  -0.5596116157093042    -0.6501930513789307   0.003685465669453568
  -0.4940003434478397     0.1388376846182942   0.003544450136046909
   0.1388376846182942    -0.4940003434478397   0.003544450136046909
  -0.6448373411704544     0.1388376846182942   0.003544450136046909
   0.1388376846182942    -0.6448373411704544   0.003544450136046909
  -0.6448373411704544    -0.4940003434478397   0.003544450136046909
  -0.4940003434478397    -0.6448373411704544   0.003544450136046909
  -0.4331792934576402    0.07129714506765383   0.003225370127616609
  0.07129714506765383    -0.4331792934576402   0.003225370127616609
  -0.6381178516100137    0.07129714506765383   0.003225370127616609
  0.07129714506765381    -0.6381178516100137   0.003225370127616609
  -0.6381178516100137    -0.4331792934576402   0.003225370127616609
  -0.4331792934576402    -0.6381178516100137   0.003225370127616609
  -0.3789832165866991    0.01637864972845715   0.003054653879727506
  0.01637864972845715     -0.378983216586699   0.003054653879727506
  -0.6373954331417582    0.01637864972845715   0.003054653879727506
  0.01637864972845715    -0.6373954331417582   0.003054653879727506
  -0.6373954331417582     -0.378983216586699   0.003054653879727506
  -0.3789832165866991    -0.6373954331417582   0.003054653879727506
  -0.2547113099854802    -0.1095700633322974   0.004185688103218472
  -0.1095700633322975    -0.2547113099854802   0.004185688103218472
  -0.6357186266822223    -0.1095700633322974   0.004185688103218472
  -0.1095700633322975    -0.6357186266822223   0.004185688103218472
  -0.6357186266822223    -0.2547113099854802   0.004185688103218472
  -0.2547113099854802    -0.6357186266822223   0.004185688103218472
  -0.3256504626870718   -0.04422871117763894    0.00339519158563724
 -0.04422871117763899    -0.3256504626870718    0.00339519158563724
  -0.6301208261352893   -0.04422871117763894    0.00339519158563724
 -0.04422871117763899    -0.6301208261352893    0.00339519158563724
  -0.6301208261352893    -0.3256504626870718    0.00339519158563724
  -0.3256504626870718    -0.6301208261352893    0.00339519158563724
  -0.5334637030136247     0.1251584271477347   0.003645455825126423
   0.1251584271477348    -0.5334637030136247   0.003645455825126423
  -0.5916947241341102     0.1251584271477347   0.003645455825126423
   0.1251584271477348    -0.5916947241341103   0.003645455825126423
  -0.5916947241341102    -0.5334637030136247   0.003645455825126423
  -0.5334637030136247    -0.5916947241341103   0.003645455825126423
  -0.4696171719449396    0.05374905275259045   0.003917715220796207
  0.05374905275259045    -0.4696171719449395   0.003917715220796207
   -0.584131880807651    0.05374905275259045   0.003917715220796207
  0.05374905275259045     -0.584131880807651   0.003917715220796207
   -0.584131880807651    -0.4696171719449395   0.003917715220796207
  -0.4696171719449396     -0.584131880807651   0.003917715220796207
  -0.4023556856857951   -0.02100447523875865    0.00437587980773921
 -0.02100447523875865    -0.4023556856857951    0.00437587980773921
  -0.5766398390754461   -0.02100447523875865    0.00437587980773921
 -0.02100447523875865    -0.5766398390754461    0.00437587980773921
  -0.5766398390754461    -0.4023556856857951    0.00437587980773921
  -0.4023556856857951    -0.5766398390754461    0.00437587980773921
  -0.3297024936834544   -0.09464571056635268   0.004049717661716335
 -0.09464571056635263    -0.3297024936834543   0.004049717661716335
   -0.575651795750193   -0.09464571056635268   0.004049717661716335
 -0.09464571056635263     -0.575651795750193   0.004049717661716335
   -0.575651795750193    -0.3297024936834543   0.004049717661716335
  -0.3297024936834544     -0.575651795750193   0.004049717661716335
  -0.2645057213091609    -0.1604671426342077   0.003781101400956392
  -0.1604671426342078     -0.264505721309161   0.003781101400956392
  -0.5750271360566312    -0.1604671426342077   0.003781101400956392
  -0.1604671426342078    -0.5750271360566312   0.003781101400956392
  -0.5750271360566312     -0.264505721309161   0.003781101400956392
  -0.2645057213091609    -0.5750271360566312   0.003781101400956392
  -0.4699516864548494  -0.006221384803754837   0.003366639725978158
-0.006221384803754837    -0.4699516864548494   0.003366639725978158
  -0.5238269287413959  -0.006221384803754837   0.003366639725978158
-0.006221384803754837    -0.5238269287413959   0.003366639725978158
  -0.5238269287413959    -0.4699516864548494   0.003366639725978158
  -0.4699516864548494    -0.5238269287413959   0.003366639725978158
  -0.3828659772802255   -0.09934019337297179   0.004112581583061801
 -0.09934019337297176    -0.3828659772802256   0.004112581583061801
  -0.5177938293468027   -0.09934019337297179   0.004112581583061801
 -0.09934019337297176    -0.5177938293468027   0.004112581583061801
  -0.5177938293468027    -0.3828659772802256   0.004112581583061801
  -0.3828659772802255    -0.5177938293468027   0.004112581583061801
  -0.3154500179411768    -0.1723975707619343   0.004552129996267589
  -0.1723975707619343    -0.3154500179411768   0.004552129996267589
  -0.5121524112968889    -0.1723975707619343   0.004552129996267589
  -0.1723975707619343    -0.5121524112968889   0.004552129996267589
  -0.5121524112968889    -0.3154500179411768   0.004552129996267589
  -0.3154500179411768    -0.5121524112968889   0.004552129996267589
  -0.4398429607435236   -0.05419524254971536   0.002325395550512999
 -0.05419524254971536    -0.4398429607435236   0.002325395550512999
  -0.5059617967067611   -0.05419524254971536   0.002325395550512999
 -0.05419524254971536    -0.5059617967067611   0.002325395550512999
  -0.5059617967067611    -0.4398429607435236   0.002325395550512999
  -0.4398429607435236    -0.5059617967067611   0.002325395550512999
  -0.3842059466499968     -0.164269671159824   0.004557228452250783
   -0.164269671159824    -0.3842059466499968   0.004557228452250783
  -0.4515243821901792     -0.164269671159824   0.004557228452250783
   -0.164269671159824    -0.4515243821901792   0.004557228452250783
  -0.4515243821901792    -0.3842059466499968   0.004557228452250783
  -0.3842059466499968    -0.4515243821901792   0.004557228452250783
  -0.3165238118846584    -0.2378281978972513   0.004445185253518349
  -0.2378281978972513    -0.3165238118846583   0.004445185253518349
  -0.4456479902180903    -0.2378281978972513   0.004445185253518349
  -0.2378281978972513    -0.4456479902180903   0.004445185253518349
  -0.4456479902180903    -0.3165238118846583   0.004445185253518349
  -0.3165238118846584    -0.4456479902180903   0.004445185253518349

