# Rule degree: 9
 -0.3333333333333333   -0.3333333333333333    0.1942715925655977
 -0.9105409732110945     0.821081946422189   0.05115535131739606
   0.821081946422189   -0.9105409732110945   0.05115535131739606
 -0.9105409732110945   -0.9105409732110945   0.05115535131739606
 -0.6235929287619345     0.247185857523869    0.1592954778544205
   0.247185857523869   -0.6235929287619344    0.1592954778544205
 -0.6235929287619345   -0.6235929287619344    0.1592954778544205
 -0.1258208170141267   -0.7483583659717465    0.1556550820095487
 -0.7483583659717465   -0.1258208170141267    0.1556550820095487
 -0.1258208170141267   -0.1258208170141267    0.1556550820095487
-0.02063496160252476   -0.9587300767949505   0.06266940045427809
 -0.9587300767949505  -0.02063496160252476   0.06266940045427809
-0.02063496160252476  -0.02063496160252476   0.06266940045427809
 -0.5560740216784685    0.4823971975689961    0.0865670787545787
  0.4823971975689961   -0.5560740216784685    0.0865670787545787
 -0.9263231758905275    0.4823971975689961    0.0865670787545787
   0.482397197568996   -0.9263231758905275    0.0865670787545787
 -0.9263231758905275   -0.5560740216784685    0.0865670787545787
 -0.5560740216784685   -0.9263231758905275    0.0865670787545787

